{"joints": [{"matrix": [1.0, 0.0, 0.0, 0.0, 0.0, 1.0, 0.0, 0.0, 0.0, 0.0, 1.0, 0.0, 0.0, 0.0, 0.0, 1.0], "matrixWorld": [1.0, 0.0, 0.0, 0.0, 0.0, 1.0, 0.0, 0.0, 0.0, 0.0, 1.0, 0.0, 0.0, 0.0, 0.0, 1.0], "name": "C_root_0_jnt", "parent": null, "children": ["C_spine0_0_jnt"]}, {"matrix": [-0.0072510207702833895, 0.9999607970205404, -0.00508203894457826, 0.0, -3.685044581580588e-05, 0.005081905339422876, 0.9999870863567017, 0.0, 0.9999737103243431, 0.007251114408588555, -2.220446049250313e-16, 0.0, -1.38777878078e-17, 2.46498808765, -0.116011654284, 1.0], "matrixWorld": [-0.0072510207702833895, 0.9999607970205404, -0.00508203894457826, 0.0, -3.685044581580588e-05, 0.005081905339422876, 0.9999870863567017, 0.0, 0.9999737103243431, 0.007251114408588555, -2.220446049250313e-16, 0.0, -1.38777878078e-17, 2.46498808765, -0.116011654284, 1.0], "name": "C_spine0_0_jnt", "parent": ["C_root_0_jnt"], "children": ["C_spine1_0_jnt", "R_hip_0_jnt", "L_hip_0_jnt"]}, {"matrix": [0.9998731590907293, 0.009925586172890886, -0.012455860831341122, 0.0, -0.009925604635017744, 0.9999507381526314, 6.033769076212873e-05, 0.0, 0.012455846119575136, 6.330191252612625e-05, 0.9999224209359011, 0.0, 0.3670599358531272, -1.3877787807814457e-17, 7.979727989493311e-17, 1.0], "matrixWorld": [-0.019706000177291037, 0.9997940831012346, 0.004844063663273946, 0.0, 9.545823937517483e-05, -0.004843123010866543, 0.9999882674547866, 0.0, 0.9998058133681444, 0.019706231381541883, 2.309251836977386e-16, 0.0, -0.002661559218809848, 2.832033633660002, -0.117877067173, 1.0], "name": "C_spine1_0_jnt", "parent": ["C_spine0_0_jnt"], "children": ["C_spine2_0_jnt"]}, {"matrix": [0.999247517669091, -0.0010495318609323808, 0.038772373090029816, 0.0, 0.0010560247921662259, 0.9999994316036259, -0.0001469832082139989, 0.0, -0.0387721967883935, 0.00018781719318106767, 0.9992480580320905, 0.0, 0.3041707790035053, -6.38378239159465e-16, -6.938893903907228e-18, 1.0], "matrixWorld": [0.01907357206668207, 0.9998108960863835, 0.003790899043705174, 0.0, -7.230650566445021e-05, -0.003790209404347247, 0.9999928145164045, 0.0, 0.9998180802627976, -0.019073709120505877, -3.7615772974240417e-16, 0.0, -0.008655548643779683, 3.13614177876, -0.11640364455500003, 1.0], "name": "C_spine2_0_jnt", "parent": ["C_spine1_0_jnt"], "children": ["C_spine3_0_jnt"]}, {"matrix": [0.9998468742338213, -0.00976632810736167, -0.014520568864765994, 0.0, 0.009766097729869083, 0.9999523067652416, -8.677558865840815e-05, 0.0, 0.01452072381073685, -5.504699354668965e-05, 0.9998945672168845, 0.0, 0.3142562601286687, -1.6653345369377348e-16, -2.7755575615628914e-17, 1.0], "matrixWorld": [0.004553430293710125, 0.9999717768123159, -0.005975939372186661, 0.0, 2.7211509261493308e-05, 0.005975877417904093, 0.99998214391489, 0.0, 0.9999896327123066, -0.004553511601600653, 2.3261401561949746e-16, 0.0, -0.0026615592188095616, 3.4503386118, -0.11521233079900006, 1.0], "name": "C_spine3_0_jnt", "parent": ["C_spine2_0_jnt"], "children": ["C_spine4_0_jnt"]}, {"matrix": [0.9993746049229639, -0.035067071271271094, -0.004549675540680736, 0.0, 0.035066583917316554, 0.9993849607493548, -0.00018686995595595243, 0.0, 0.004553430293709483, 2.721150926160803e-05, 0.9999896327123067, 0.0, 0.34513985024677085, 2.914335439641036e-16, -6.938893903907228e-17, 1.0], "matrixWorld": [6.453171330633722e-16, 0.9991575598669584, -0.04103864715978455, 0.0, -9.215718466126788e-17, 0.04103864715978468, 0.9991575598669584, 0.0, 0.9999999999999999, -4.631711680858075e-16, 1.2932440645488665e-16, 0.0, -0.0010899889691294087, 3.7954687210999998, -0.11727486561900005, 1.0], "name": "C_spine4_0_jnt", "parent": ["C_spine3_0_jnt"], "children": ["C_neck0_0_jnt", "R_collar_0_jnt", "L_collar_0_jnt"]}, {"matrix": [1.0, 0.0, 0.0, 0.0, 0.0, 1.0, 0.0, 0.0, 0.0, 0.0, 1.0, 0.0, 0.5639889633272999, 1.6306400674181989e-15, -1.140580685454751e-16, 1.0], "matrixWorld": [6.453171330633722e-16, 0.9991575598669584, -0.04103864715978455, 0.0, -9.215718466126788e-17, 0.04103864715978468, 0.9991575598669584, 0.0, 0.9999999999999999, -4.631711680858075e-16, 1.2932440645488665e-16, 0.0, -0.001089988969129159, 4.35898255749, -0.14042020968700014, 1.0], "name": "C_neck0_0_jnt", "parent": ["C_spine4_0_jnt"], "children": ["C_neck1_0_jnt"]}, {"matrix": [0.9984263286749928, -0.009805870166639525, -0.055215134871249544, 0.0, 0.00966559588293084, 0.9999493472626012, -0.002806985095366412, 0.0, 0.05523986300492732, 0.002268880643125091, 0.9984705352266656, 0.0, 0.30261951160608724, 0.0667992469356441, 0.023575376585429943, 1.0], "matrixWorld": [-0.05521513487124889, 0.9971827946199683, -0.05077167512560387, 0.0, -0.0028069850953664974, 0.050694021637016196, 0.9987102868224298, 0.0, 0.9984705352266655, 0.05528643851954867, 3.221145960333013e-16, 0.0, 0.02248538761630097, 4.664088481, -0.08609633247830012, 1.0], "name": "C_neck1_0_jnt", "parent": ["C_neck0_0_jnt"], "children": ["C_neck3_0_jnt"]}, {"matrix": [0.977597207565646, 0.2032707843880159, 0.054632297902723254, 0.0, -0.20311324092978497, 0.9791185367711894, -0.008479522984460414, 0.0, -0.0552151348712496, -0.0028069850953664015, 0.9984705352266656, 0.0, 0.4072323226001524, 8.326672684688674e-17, -1.6653345369377348e-16, 1.0], "matrixWorld": [6.591949208711867e-16, 0.9881681541741081, 0.15337437555255515, 0.0, -2.3592239273284576e-16, -0.15337437555255506, 0.9881681541741079, 0.0, 0.9999999999999998, -5.204170427930421e-16, 1.4337909594907465e-16, 0.0, 1.4502288259166107e-15, 5.07017354651, -0.10677219966200008, 1.0], "name": "C_neck3_0_jnt", "parent": ["C_neck1_0_jnt"], "children": ["C_head_0_jnt", "C_jaw0_0_jnt"]}, {"matrix": [1.0, 0.0, 0.0, 0.0, 0.0, 1.0, 0.0, 0.0, 0.0, 0.0, 1.0, 0.0, 0.9297543787047831, 1.1102230246251563e-16, -1.1943473765552312e-16, 1.0], "matrixWorld": [6.591949208711867e-16, 0.9881681541741081, 0.15337437555255515, 0.0, -2.3592239273284576e-16, -0.15337437555255506, 0.9881681541741079, 0.0, 0.9999999999999998, -5.204170427930421e-16, 1.4337909594907465e-16, 0.0, 1.9436834523610262e-15, 5.98892721475, 0.0358282975891, 1.0], "name": "C_head_0_jnt", "parent": ["C_neck3_0_jnt"], "children": null}, {"matrix": [-0.5756798643961691, 0.8171709187737702, -0.028712074798593352, 0.0, 0.8176522870192141, 0.5750460032438196, -0.027691725940385655, 0.0, -0.0061181092713676905, -0.039418062658393704, -0.999204075789927, 0.0, 0.01841153609502122, 0.13452104221579864, 0.019394678134099723, 1.0], "matrixWorld": [-0.028712074798593917, -0.694201588382198, 0.7192077387294943, 0.0, -0.027691725940385246, 0.7197806295585014, 0.6936490565313338, 0.0, -0.9992040757899268, 2.3550818020915216e-16, -0.039890035407322694, 0.0, 0.01939467813410115, 5.067735159300001, 0.028981068173500102, 1.0], "name": "C_jaw0_0_jnt", "parent": ["C_neck3_0_jnt"], "children": ["C_jaw1_0_jnt"]}, {"matrix": [1.0, 0.0, 0.0, 0.0, 0.0, 1.0, 0.0, 0.0, 0.0, 0.0, 1.0, 0.0, 0.6754885625698526, 0.0, -5.204170427930421e-17, 1.0], "matrixWorld": [-0.028712074798593917, -0.694201588382198, 0.7192077387294943, 0.0, -0.027691725940385246, 0.7197806295585014, 0.6936490565313338, 0.0, -0.9992040757899268, 2.3550818020915216e-16, -0.039890035407322694, 0.0, 9.055256544598933e-16, 4.598809926230001, 0.5147976697970003, 1.0], "name": "C_jaw1_0_jnt", "parent": ["C_jaw0_0_jnt"], "children": null}, {"matrix": [0.0264353132549644, 0.15790764100119753, 0.9870999701785778, 0.0, -0.9988285126332737, -0.03586394158820627, 0.03248661331318631, 0.0, 0.04053118014460788, -0.9868023888333444, 0.15677457966421282, 0.0, 0.4538511414346358, 0.0018191192084293858, -0.06442646882917008, 1.0], "matrixWorld": [0.9870999701785776, 0.03289335904903053, 0.15668974377387548, 0.0, 0.03248661331318566, -0.9994588670528027, 0.00515684253860602, 0.0, 0.1567745796642129, 5.018579508081082e-14, -0.987634411698534, 0.0, -0.06551645779829918, 4.249012174310001, -0.13408271576600014, 1.0], "name": "R_collar_0_jnt", "parent": ["C_spine4_0_jnt"], "children": ["R_shoulder_0_jnt"]}, {"matrix": [0.9928183509416593, 0.03863580841841899, 0.11322100662571237, 0.0, -0.03880903202134561, 0.9992464180604871, -0.0006745567821567666, 0.0, -0.1131617473665485, -0.003724285319548861, 0.9935695992892536, 0.0, -0.4234642378492612, 8.881784197001252e-16, -2.498001805406602e-16, 1.0], "matrixWorld": [0.9990162868982931, -0.005957770821546104, 0.04394272953271447, 0.0, -0.005952015718795084, -0.9999822523259292, -0.0002618053576301045, 0.0, 0.04394350942779325, -6.360118876232562e-13, -0.9990340174284205, 0.0, -0.483517994350999, 4.23508301309, -0.2004352186920001, 1.0], "name": "R_shoulder_0_jnt", "parent": ["R_collar_0_jnt"], "children": ["R_elbow_0_jnt"]}, {"matrix": [0.9957445956062567, 0.014198261621048815, 0.09105553079232773, 0.0, -0.01408984893329192, 0.999899052382, -0.001833358288857348, 0.0, -0.09107236945401884, 0.0005425979345350303, 0.9958441289225499, 0.0, -0.7043922174420378, 0.0, -4.440892098500626e-15, 1.0], "matrixWorld": [0.9986818599010824, -0.020130427732402284, -0.04721555446910995, 0.0, -0.02010796763853207, -0.9997973624086587, 0.0009506619468675264, 0.0, -0.04722512405449813, 6.511477604162743e-14, -0.9988842714038686, 0.0, -1.187217291939999, 4.23927962049, -0.23138813538800013, 1.0], "name": "R_elbow_0_jnt", "parent": ["R_shoulder_0_jnt"], "children": ["R_wrist_0_jnt"]}, {"matrix": [1.0, 0.0, 0.0, 0.0, 0.0, 1.0, 0.0, 0.0, 0.0, 0.0, 1.0, 0.0, -0.7209238086204074, -8.881784197001252e-16, -4.9404924595819466e-15, 1.0], "matrixWorld": [0.9986818599010824, -0.020130427732402284, -0.04721555446910995, 0.0, -0.02010796763853207, -0.9997973624086587, 0.0009506619468675264, 0.0, -0.04722512405449813, 6.511477604162743e-14, -0.9988842714038686, 0.0, -1.9071908219799991, 4.253792125120002, -0.19734931803400016, 1.0], "name": "R_wrist_0_jnt", "parent": ["R_elbow_0_jnt"], "children": ["R_roll_0_jnt"]}, {"matrix": [0.9781875808988635, 0.011492147793890678, 0.20740536905854876, 0.0, 0.20737252626454875, 0.003992435836147612, -0.9782539015034661, 0.0, -0.012070291044066797, 0.9999259927590529, 0.001522195432230533, 0.0, -0.20606448401553368, -0.00027900293278992905, 0.02299674945269564, 1.0], "matrixWorld": [0.9668723646049218, -0.031181153458746863, -0.25334870481664074, 0.0, 0.2532170623069714, -0.008166124472284084, 0.9673750222988656, 0.0, -0.03223274608088437, -0.9994803900427889, -8.981530796869919e-15, 0.0, -2.114064098299999, 4.2582192377200005, -0.21059122572400016, 1.0], "name": "R_roll_0_jnt", "parent": ["R_wrist_0_jnt"], "children": ["R_thumb0_0_jnt", "R_index0_0_jnt", "R_middle0_0_jnt", "R_pink0_0_jnt"]}, {"matrix": [0.733524790241685, -0.648791807385874, -0.2025106732245558, 0.0, -0.420466931663392, -0.6672743238337824, 0.6147784447504164, 0.0, -0.5339933908565391, -0.3658061883308418, -0.7622577589637225, 0.0, 0.0457517007071071, 0.11965059562758108, 0.004710266543574093, 1.0], "matrixWorld": [0.551467168030942, 0.1848314122676969, -0.8134625446958583, 0.0, -0.5953190979952622, -0.5958993106429349, -0.5389797613430239, 0.0, -0.5843621600908471, 0.7814994309750993, -0.21858523563945387, 0.0, -2.0396822957499987, 4.251107746219999, -0.10643536222800057, 1.0], "name": "R_thumb0_0_jnt", "parent": ["R_roll_0_jnt"], "children": ["R_thumb1_0_jnt"]}, {"matrix": [0.9749399299025338, 0.21837203560412657, -0.04249455433055808, 0.0, -0.20904935998254795, 0.9646010901985673, 0.16075789833977785, 0.0, 0.07609532293465711, -0.14784583475311489, 0.9860786535432277, 0.0, -0.13252744162622432, -1.1102230246251563e-15, 8.881784197001252e-16, 1.0], "matrixWorld": [0.43247852844110024, 0.016862308610989675, -0.9014865417662806, 0.0, -0.7834701421960116, -0.48781180705669297, -0.38498594413750425, 0.0, -0.4462475307772382, 0.8727859436565141, -0.19775701714686708, 0.0, -2.1127668286699985, 4.22661251202, 0.0013707476793000939, 1.0], "name": "R_thumb1_0_jnt", "parent": ["R_thumb0_0_jnt"], "children": ["R_thumb2_0_jnt"]}, {"matrix": [0.9289676760250887, 0.310558962792159, -0.2014253894870366, 0.0, -0.3405182988520937, 0.9303425159895226, -0.13605179561167557, 0.0, 0.14514249910836638, 0.19497675136216472, 0.9700091346893773, 0.0, -0.16022444330305652, 7.771561172376096e-16, 8.881784197001252e-16, 1.0], "matrixWorld": [0.24833048145209397, -0.31163103783435053, -0.9171794089708168, 0.0, -0.8154496582386072, -0.578318083368552, -0.02429093097153645, 0.0, -0.5228516298724817, 0.7539458141718213, -0.3977334313739279, 0.0, -2.1820604601299998, 4.223910758010001, 0.14581092697899956, 1.0], "name": "R_thumb2_0_jnt", "parent": ["R_thumb1_0_jnt"], "children": ["R_thumb3_0_jnt"]}, {"matrix": [1.0, 0.0, 0.0, 0.0, 0.0, 1.0, 0.0, 0.0, 0.0, 0.0, 1.0, 0.0, -0.09066832802135692, -6.661338147750939e-16, -8.881784197001252e-16, 1.0], "matrixWorld": [0.24833048145209397, -0.31163103783435053, -0.9171794089708168, 0.0, -0.8154496582386072, -0.578318083368552, -0.02429093097153645, 0.0, -0.5228516298724817, 0.7539458141718213, -0.3977334313739279, 0.0, -2.204576169679999, 4.252165823170001, 0.22897005048600022, 1.0], "name": "R_thumb3_0_jnt", "parent": ["R_thumb2_0_jnt"], "children": null}, {"matrix": [0.9649825037573696, 0.2534696697413044, -0.06754179419731304, 0.0, 0.06533826378332755, 0.017111622823165362, 0.9977164445122361, 0.0, 0.25404660739308926, -0.9671919762309816, -4.885150738043187e-05, 0.0, -0.21300331140175288, 0.09496816421990217, -0.0049211257658337, 1.0], "matrixWorld": [0.9993748178682863, 0.03534756640079967, 0.0007231599204323107, 0.0, 0.03534757564926723, -0.999375079184847, -7.994353650725586e-09, 0.0, 0.0007227077201642048, 2.556993934946609e-05, -0.9999997385198305, 0.0, -2.2958049327099985, 4.269003973510001, -0.06475728267880021, 1.0], "name": "R_index0_0_jnt", "parent": ["R_roll_0_jnt"], "children": ["R_index1_0_jnt"]}, {"matrix": [0.9991629223374741, 0.03268827362401293, -0.02459535308793977, 0.0, -0.032700396217311856, 0.9994651949188932, -9.073571289755957e-05, 0.0, 0.02457923337432606, 0.0008949375511394147, 0.9996974844289196, 0.0, -0.08752457113796108, 1.7763568394002505e-15, 1.1102230246251563e-16, 1.0], "matrixWorld": [0.9996759395049698, 0.002649502799440301, 0.025317900974837538, 0.0, 0.0026486534969081556, -0.999996490061298, 6.708008316712392e-05, 0.0, 0.025317989839424994, 1.7889573320167915e-12, -0.999679448318555, 0.0, -2.383274785049998, 4.265910192919999, -0.06482057694070031, 1.0], "name": "R_index1_0_jnt", "parent": ["R_index0_0_jnt"], "children": ["R_index2_0_jnt"]}, {"matrix": [0.9936496455095452, 0.09577154644076492, 0.05906092507825865, 0.0, -0.09561218379825855, 0.9954033284008178, -0.005524863609323161, 0.0, -0.059318566133069184, -0.00015716525698509888, 0.9982390911054319, 0.0, -0.06239097767111046, -8.881784197001252e-16, -4.761815941556335e-16, 1.0], "matrixWorld": [0.9950766124559577, -0.09313853277096147, -0.033878445307423746, 0.0, -0.09308459960076818, -0.9956531593447953, 0.003169164541665121, 0.0, -0.034026352439546964, 1.0213646863981331e-13, -0.9994209360122788, 0.0, -2.445645544269999, 4.26574488785, -0.06640018553510031, 1.0], "name": "R_index2_0_jnt", "parent": ["R_index1_0_jnt"], "children": ["R_index3_0_jnt"]}, {"matrix": [0.987376809366737, -0.1292437495233147, -0.09155921326615336, 0.0, 0.1294814595051877, 0.9915761360161339, -0.0033642425180021324, 0.0, 0.09122273822446185, -0.008533445521487418, 0.9957939507440097, 0.0, -0.06253855838939648, -2.6645352591003757e-15, 3.3306690738754696e-16, 1.0], "matrixWorld": [0.997661599417186, 0.03671912022195507, 0.05764580868083614, 0.0, 0.03665797740714641, -0.9993256257147244, 0.002118131792765736, 0.0, 0.05768470976575218, 9.146853966666623e-14, -0.9983348507686389, 0.0, -2.507876201099999, 4.2715696374200025, -0.06428147640510036, 1.0], "name": "R_index3_0_jnt", "parent": ["R_index2_0_jnt"], "children": ["R_index4_0_jnt"]}, {"matrix": [1.0, 0.0, 0.0, 0.0, 0.0, 1.0, 0.0, 0.0, 0.0, 0.0, 1.0, 0.0, -0.1120972957717643, 1.7763568394002505e-15, 1.5543122344752192e-15, 1.0], "matrixWorld": [0.997661599417186, 0.03671912022195507, 0.05764580868083614, 0.0, 0.03665797740714641, -0.9993256257147244, 0.002118131792765736, 0.0, 0.05768470976575218, 9.146853966666623e-14, -0.9983348507686389, 0.0, -2.6197113684899986, 4.267453523340001, -0.07074341567080014, 1.0], "name": "R_index4_0_jnt", "parent": ["R_index3_0_jnt"], "children": null}, {"matrix": [0.9792235896169558, 0.2025807211648984, 0.009067135710549928, 0.0, -0.009219710736618356, -0.00019050148353261243, 0.999957479417559, 0.0, 0.2025738346174474, -0.9792655488280462, 0.0016811921034237676, 0.0, -0.1670226167035449, -0.04001377414618712, -0.002927406356692863, 1.0], "matrixWorld": [0.9977888639802298, -0.041250044739540234, -0.05211349850114369, 0.0, -0.04119389727266016, -0.9991488546803154, 0.0021515153970170283, 0.0, -0.05215789244718701, -5.08681638478059e-14, -0.9986388507641127, 0.0, -2.2855914626499985, 4.26667983827, -0.20698458776400036, 1.0], "name": "R_middle0_0_jnt", "parent": ["R_roll_0_jnt"], "children": ["R_middle1_0_jnt"]}, {"matrix": [0.9884962128775957, -0.13965840921162545, -0.05805829710841707, 0.0, 0.13956023750547983, 0.9901968171315131, -0.005762243489722097, 0.0, 0.05829388676409495, -0.002406673866345526, 0.9982965644971618, 0.0, -0.09864885252111932, -8.881784197001252e-16, -1.3877787807814457e-15, 1.0], "matrixWorld": [0.9950917858744701, 0.09876402660420643, 0.006164797975746518, 0.0, 0.09876213134896461, -0.9951108817860066, 0.0006118516864736913, 0.0, 0.006195086485918239, 3.6788195217503855e-14, -0.9999808102675931, 0.0, -2.384022189139999, 4.270749107850001, -0.20184365093600007, 1.0], "name": "R_middle1_0_jnt", "parent": ["R_middle0_0_jnt"], "children": ["R_middle2_0_jnt"]}, {"matrix": [0.99186016449556, 0.12691216187392265, -0.010330404412604353, 0.0, -0.12691592845261576, 0.9919134344168461, 0.0002927941046950389, 0.0, 0.010284026052632114, 0.001020682058470529, 0.9999465970822063, 0.0, -0.06701310353134704, 0.0, 1.4432899320127035e-15, 1.0], "matrixWorld": [0.9994620202776353, -0.028331569637835917, 0.016522475129490437, 0.0, -0.028327699118349592, -0.9995985805121256, -0.00046829563718533653, 0.0, 0.016529110236441373, -5.304681291834425e-13, -0.9998633849255565, 0.0, -2.450706378009998, 4.264130623910001, -0.20225677318100005, 1.0], "name": "R_middle2_0_jnt", "parent": ["R_middle1_0_jnt"], "children": ["R_middle3_0_jnt"]}, {"matrix": [0.9973669417266394, 0.07005767576318363, 0.018737812506025207, 0.0, -0.07003526010086282, 0.9975427998301196, -0.0018506349424979955, 0.0, -0.018821421132709758, 0.0005334545402710055, 0.999822719052132, 0.0, -0.07129716375836503, 8.881784197001252e-16, -7.494005416219807e-16, 1.0], "matrixWorld": [0.9951555251447851, -0.09828652421087075, -0.0022890898526316955, 0.0, -0.09828626419131364, -0.9951581578616264, 0.0002260813335975679, 0.0, -0.0023002271893931454, 1.7513833779732467e-12, -0.9999973544739392, 0.0, -2.5219651853399987, 4.26615058447, -0.20343477879600008, 1.0], "name": "R_middle3_0_jnt", "parent": ["R_middle2_0_jnt"], "children": ["R_middle4_0_jnt"]}, {"matrix": [1.0, 0.0, 0.0, 0.0, 0.0, 1.0, 0.0, 0.0, 0.0, 0.0, 1.0, 0.0, -0.12094125868666604, -4.440892098500626e-16, 2.4175106361212784e-14, 1.0], "matrixWorld": [0.9951555251447851, -0.09828652421087075, -0.0022890898526316955, 0.0, -0.09828626419131364, -0.9951581578616264, 0.0002260813335975679, 0.0, -0.0023002271893931454, 1.7513833779732467e-12, -0.9999973544739392, 0.0, -2.6423205471399993, 4.278037480420001, -0.20315793338800012, 1.0], "name": "R_middle4_0_jnt", "parent": ["R_middle3_0_jnt"], "children": null}, {"matrix": [0.967603818161318, 0.25227777955706937, -0.009938461721700223, 0.0, 0.00961422614841291, 0.002517894973908752, 0.999950612210657, 0.0, 0.2522903441180541, -0.9676515809663389, 1.0869165602112041e-05, 0.0, -0.1288643158602807, -0.17460498570129657, 0.0031382655789577996, 1.0], "matrixWorld": [0.9997507738042614, -0.02229783729278166, -0.0010939514822778879, 0.0, -0.022297850638357857, -0.9997513720205188, -3.035992491685025e-09, 0.0, -0.001093679427635366, 2.4395801993065633e-05, -0.9999994016348982, 0.0, -2.282973560549998, 4.26052658687, -0.34685212014000044, 1.0], "name": "R_pink0_0_jnt", "parent": ["R_roll_0_jnt"], "children": ["R_pink1_0_jnt"]}, {"matrix": [0.9979184045178497, -0.06446043272087326, 0.0019262756778268223, 0.0, 0.06446044277259574, 0.9979202613818908, 5.693030442420933e-05, 0.0, -0.001925939279968637, 6.73567845350765e-05, 0.9999981431087527, 0.0, -0.09815603958633545, 8.881784197001252e-16, -2.7755575615628914e-16, 1.0], "matrixWorld": [0.9991049194830475, 0.04219303083135813, -0.003017948647323977, 0.0, 0.04219283834088071, -0.9991094775595236, -0.00012744989695689287, 0.0, -0.0030206385937613196, -3.606010076043914e-13, -0.9999954378608363, 0.0, -2.3811051370799987, 4.262715254269999, -0.3467447421950002, 1.0], "name": "R_pink1_0_jnt", "parent": ["R_pink0_0_jnt"], "children": ["R_pink2_0_jnt"]}, {"matrix": [0.9997669431150958, 0.018705923045344103, -0.010777193387813327, 0.0, -0.018709738071866808, 0.9998249254526105, -0.00025326856100154797, 0.0, 0.010770568953346927, 0.000454848000455519, 0.9999418922906059, 0.0, -0.05878219272545194, -1.7763568394002505e-15, 2.253752739989068e-14, 1.0], "matrixWorld": [0.9996938811961691, 0.02349393245392939, 0.007757514859179256, 0.0, 0.023493225131753656, -0.9997239794752601, 0.00018230485053703498, 0.0, 0.007759656683701455, -5.448521393436431e-13, -0.9999698934108722, 0.0, -2.4398347150099986, 4.260235055400001, -0.3465673405560002, 1.0], "name": "R_pink2_0_jnt", "parent": ["R_pink1_0_jnt"], "children": ["R_pink3_0_jnt"]}, {"matrix": [0.9754291058414907, 0.22013297175945645, -0.008918196096761253, 0.0, -0.2201257694664262, 0.9754698504150876, 0.0017934737188916878, 0.0, 0.00909423411199223, 0.00021371831208331774, 0.9999586237592031, 0.0, -0.06323410407830199, 8.881784197001252e-16, 5.773159728050814e-15, 1.0], "matrixWorld": [0.9802329399749068, -0.19715554501483729, 0.016524964691451788, 0.0, -0.19712753528381524, -0.9803722206743226, -0.0033232157657560836, 0.0, 0.016855806746622667, -4.013361964359611e-14, -0.9998579307976311, 0.0, -2.5030494619399986, 4.25874943763, -0.34705788005800026, 1.0], "name": "R_pink3_0_jnt", "parent": ["R_pink2_0_jnt"], "children": ["R_pink4_0_jnt"]}, {"matrix": [1.0, 0.0, 0.0, 0.0, 0.0, 1.0, 0.0, 0.0, 0.0, 0.0, 1.0, 0.0, -0.11267190500946356, -8.881784197001252e-16, -1.1102230246251563e-16, 1.0], "matrixWorld": [0.9802329399749068, -0.19715554501483729, 0.016524964691451788, 0.0, -0.19712753528381524, -0.9803722206743226, -0.0033232157657560836, 0.0, 0.016855806746622667, -4.013361964359611e-14, -0.9998579307976311, 0.0, -2.6134941746399982, 4.280963328470001, -0.3489197793100001, 1.0], "name": "R_pink4_0_jnt", "parent": ["R_pink3_0_jnt"], "children": null}, {"matrix": [-0.02643531325496462, -0.1579076410011963, 0.9870999701785778, 0.0, 0.9988285126332734, 0.03586394158820405, 0.032486613313185975, 0.0, -0.04053118014460566, 0.9868023888333444, 0.15677457966421193, 0.0, 0.45385114143463623, 0.0018191192084293858, 0.06660644676742991, 1.0], "matrixWorld": [0.9870999701785776, -0.032893359049031616, -0.15668974377387399, 0.0, 0.032486613313186606, 0.9994588670528024, -0.005156842538608225, 0.0, 0.1567745796642118, -4.8110575961938976e-14, 0.9876344116985339, 0.0, 0.06551645779830079, 4.249012174310001, -0.13408271576600014, 1.0], "name": "L_collar_0_jnt", "parent": ["C_spine4_0_jnt"], "children": ["L_shoulder_0_jnt"]}, {"matrix": [0.9928183509416586, 0.03863580841842107, 0.1132210066257174, 0.0, -0.03880903202135352, 0.9992464180604869, -0.0006745567821058765, 0.0, -0.11316174736655153, -0.003724285319600477, 0.9935695992892531, 0.0, 0.4234642378492616, -8.881784197001252e-16, -3.6082248300317583e-16, 1.0], "matrixWorld": [0.9990162868982932, 0.005957770821547345, -0.04394272953270799, 0.0, -0.005952015718793974, 0.999982252325929, 0.00026180535767934376, 0.0, 0.04394350942778741, 5.867094674896959e-13, 0.9990340174284205, 0.0, 0.48351799435100096, 4.23508301309, -0.20043521869200015, 1.0], "name": "L_shoulder_0_jnt", "parent": ["L_collar_0_jnt"], "children": ["L_elbow_0_jnt"]}, {"matrix": [0.9957445956062574, 0.014198261621078472, 0.09105553079231524, 0.0, -0.014089848933263581, 0.9998990523819993, -0.0018333582894929507, 0.0, -0.09107236945401537, 0.000542597935170686, 0.9958441289225498, 0.0, 0.7043922174420377, -2.6645352591003757e-15, 2.7755575615628914e-17, 1.0], "matrixWorld": [0.9986818599010819, 0.02013042773242869, 0.04721555446910461, 0.0, -0.020107967638530566, 0.9997973624086579, -0.0009506619474546178, 0.0, -0.04722512405450428, 5.213396392629234e-13, 0.9988842714038679, 0.0, 1.1872172919400006, 4.239279620489998, -0.23138813538800002, 1.0], "name": "L_elbow_0_jnt", "parent": ["L_shoulder_0_jnt"], "children": ["L_wrist_0_jnt"]}, {"matrix": [1.0, 0.0, 0.0, 0.0, 0.0, 1.0, 0.0, 0.0, 0.0, 0.0, 1.0, 0.0, 0.7209238086204074, -1.865174681370263e-14, 8.826273045769994e-15, 1.0], "matrixWorld": [0.9986818599010819, 0.02013042773242869, 0.04721555446910461, 0.0, -0.020107967638530566, 0.9997973624086579, -0.0009506619474546178, 0.0, -0.04722512405450428, 5.213396392629234e-13, 0.9988842714038679, 0.0, 1.9071908219800005, 4.2537921251199995, -0.197349318034, 1.0], "name": "L_wrist_0_jnt", "parent": ["L_elbow_0_jnt"], "children": ["L_roll_0_jnt"]}, {"matrix": [0.9781875808988646, 0.011492147793873947, 0.20740536905854431, 0.0, 0.2073725262645438, 0.003992435836191133, -0.9782539015034671, 0.0, -0.012070291044059434, 0.999925992759053, 0.0015221954322766074, 0.0, 0.20606448401553432, 0.00027900293279881083, -0.02299674945269442, 1.0], "matrixWorld": [0.9668723646049218, 0.031181153458877613, 0.25334870481662425, 0.0, 0.25321706230697155, 0.008166124471759267, -0.9673750222988696, 0.0, -0.03223274608087769, 0.9994803900427889, -5.316322469056667e-13, 0.0, 2.114064098300001, 4.258219237719999, -0.210591225724, 1.0], "name": "L_roll_0_jnt", "parent": ["L_wrist_0_jnt"], "children": ["L_pink0_0_jnt", "L_middle0_0_jnt", "L_thumb0_0_jnt", "L_index0_0_jnt"]}, {"matrix": [0.9676038181613209, 0.2522777795570585, -0.00993846172170153, 0.0, 0.00960806978729409, 0.002541507489214445, 0.9999506116477178, 0.0, 0.25229057864810567, -0.9676515192368803, 3.526983868173961e-05, 0.0, 0.1288643158602829, 0.174604985701296, -0.003138265578880528, 1.0], "matrixWorld": [0.9997507738042613, 0.022297837292774472, 0.0010939514822775709, 0.0, -0.022297823943879035, 0.9997513723181704, -2.4398828184478136e-05, 0.0, -0.0010942235367574125, 9.802664647888537e-12, 0.9999994013372464, 0.0, 2.2829735605499994, 4.260526586870001, -0.34685212014000033, 1.0], "name": "L_pink0_0_jnt", "parent": ["L_roll_0_jnt"], "children": ["L_pink1_0_jnt"]}, {"matrix": [0.9979184045178521, -0.06446047970639027, 0.0019247027216186278, 0.0, 0.06446044277257756, 0.9979202596955797, 8.12814238623615e-05, 0.0, -0.0019259392793678366, 4.29549608234548e-05, 0.9999981444546603, 0.0, 0.09815603958633545, -8.881784197001252e-16, 1.6653345369377348e-16, 1.0], "matrixWorld": [0.9991049194830482, -0.042193030831328214, 0.003017948647354215, 0.0, 0.04219283834088055, 0.9991094775595247, 0.000127449887163408, 0.0, -0.0030206385933780017, 1.0146661293935697e-11, 0.9999954378608374, 0.0, 2.38110513708, 4.26271525427, -0.3467447421950002, 1.0], "name": "L_pink1_0_jnt", "parent": ["L_pink0_0_jnt"], "children": ["L_pink2_0_jnt"]}, {"matrix": [0.9997669431150991, 0.018705923045345695, -0.01077719338751028, 0.0, -0.01870973807187205, 0.9998249254526104, -0.0002532685613533726, 0.0, 0.01077056895303735, 0.0004548480008016491, 0.999941892290609, 0.0, 0.058782192725453715, -1.7763568394002505e-15, -2.4369395390522186e-14, 1.0], "matrixWorld": [0.9996938811961682, -0.023493932454003476, -0.007757514859029177, 0.0, 0.0234932251317492, 0.9997239794752584, -0.0001823048606812101, 0.0, 0.007759656683790055, 1.0689550259792836e-11, 0.9999698934108714, 0.0, 2.4398347150100017, 4.2602350554, -0.34656734055600025, 1.0], "name": "L_pink2_0_jnt", "parent": ["L_pink1_0_jnt"], "children": ["L_pink3_0_jnt"]}, {"matrix": [0.9754291058414939, 0.22013297175944144, -0.0089181960967824, 0.0, -0.21987914655485905, 0.9752486417722388, 0.02330767323673086, 0.0, 0.013828246004845082, -0.020774057517980716, 0.9996885605760771, 0.0, 0.06323410407830199, 4.440892098500626e-15, -1.4932499681208355e-14, 1.0], "matrixWorld": [0.9802329399749068, 0.19715554501465907, -0.016524964693559623, 0.0, -0.1967192419705253, 0.9801452789478362, 0.024834894701011325, 0.0, 0.021093203329331775, -0.021093203318632542, 0.999554977751132, 0.0, 2.5030494619400017, 4.25874943763, -0.347057880058, 1.0], "name": "L_pink3_0_jnt", "parent": ["L_pink2_0_jnt"], "children": ["L_pink4_0_jnt"]}, {"matrix": [1.0, 0.0, 0.0, 0.0, 0.0, 1.0, 0.0, 0.0, 0.0, 0.0, 1.0, 0.0, 0.11267190500946224, 2.5757174171303632e-14, 2.366440376988521e-13, 1.0], "matrixWorld": [0.9802329399749068, 0.19715554501465907, -0.016524964693559623, 0.0, -0.1967192419705253, 0.9801452789478362, 0.024834894701011325, 0.0, 0.021093203329331775, -0.021093203318632542, 0.999554977751132, 0.0, 2.61349417464, 4.28096332847, -0.3489197793100003, 1.0], "name": "L_pink4_0_jnt", "parent": ["L_pink3_0_jnt"], "children": null}, {"matrix": [0.9792235896169628, 0.2025807211648655, 0.00906713571052803, 0.0, -0.009219710736487863, -0.00019050148405508338, 0.9999574794175601, 0.0, 0.20257383461741946, -0.9792655488280528, 0.0016811921028853094, 0.0, 0.16702261670354623, 0.04001377414618268, 0.0029274063566946396, 1.0], "matrixWorld": [0.997788863980229, 0.04125004473954001, 0.05211349850115544, 0.0, -0.041193897272659645, 0.9991488546803152, -0.0021515153970189803, 0.0, -0.05215789244719853, 5.2183517923465317e-14, 0.9986388507641117, 0.0, 2.2855914626500002, 4.266679838270001, -0.20698458776400006, 1.0], "name": "L_middle0_0_jnt", "parent": ["L_roll_0_jnt"], "children": ["L_middle1_0_jnt"]}, {"matrix": [0.988496212877594, -0.1396584092116255, -0.05805829710844509, 0.0, 0.139560237505477, 0.9901968171315132, -0.005762243489772758, 0.0, 0.05829388676412977, -0.0024066738662992014, 0.9982965644971599, 0.0, 0.09864885252111932, -8.881784197001252e-16, 0.0, 1.0], "matrixWorld": [0.9950917858744698, -0.09876402660420681, -0.006164797975762637, 0.0, 0.09876213134896487, 0.9951108817860064, -0.0006118516865247182, 0.0, 0.006195086485939624, 1.2233716954507321e-14, 0.9999808102675926, 0.0, 2.3840221891400013, 4.27074910785, -0.20184365093599999, 1.0], "name": "L_middle1_0_jnt", "parent": ["L_middle0_0_jnt"], "children": ["L_middle2_0_jnt"]}, {"matrix": [0.9918601644955605, 0.12691216187392138, -0.010330404412570934, 0.0, -0.1269159284526141, 0.9919134344168463, 0.00029279410473152784, 0.0, 0.010284026052603597, 0.0010206820584300782, 0.9999465970822067, 0.0, 0.06701310353134726, 1.7763568394002505e-15, -4.163336342344337e-16, 1.0], "matrixWorld": [0.9994620202776353, 0.028331569637833676, -0.01652247512947948, 0.0, -0.02832769911834739, 0.9995985805121255, 0.0004682956371732457, 0.0, 0.016529110236430382, 5.42046669819866e-13, 0.9998633849255563, 0.0, 2.4507063780100005, 4.264130623910002, -0.20225677318100002, 1.0], "name": "L_middle2_0_jnt", "parent": ["L_middle1_0_jnt"], "children": ["L_middle3_0_jnt"]}, {"matrix": [0.9973669417266442, 0.07005767576318497, 0.018737812505762216, 0.0, -0.06998675820655503, 0.99753815086983, -0.00441488787372052, 0.0, -0.019000979621531543, 0.003091864463518138, 0.9998146844028454, 0.0, 0.07129716375836415, 0.0, 0.0, 1.0], "matrixWorld": [0.9951555251447854, 0.09828652421087021, 0.002289089852378738, 0.0, -0.09828004151506524, 0.9951548849023149, -0.002790787497658083, 0.0, -0.002552295751530865, 0.002552295752076082, 0.9999934857651772, 0.0, 2.5219651853400005, 4.266150584470002, -0.20343477879600003, 1.0], "name": "L_middle3_0_jnt", "parent": ["L_middle2_0_jnt"], "children": ["L_middle4_0_jnt"]}, {"matrix": [1.0, 0.0, 0.0, 0.0, 0.0, 1.0, 0.0, 0.0, 0.0, 0.0, 1.0, 0.0, 0.12094125868666472, -8.881784197001252e-16, 6.439293542825908e-15, 1.0], "matrixWorld": [0.9951555251447854, 0.09828652421087021, 0.002289089852378738, 0.0, -0.09828004151506524, 0.9951548849023149, -0.002790787497658083, 0.0, -0.002552295751530865, 0.002552295752076082, 0.9999934857651772, 0.0, 2.6423205471399998, 4.278037480420001, -0.20315793338800003, 1.0], "name": "L_middle4_0_jnt", "parent": ["L_middle3_0_jnt"], "children": null}, {"matrix": [0.7335247902416482, -0.6487918073857801, -0.20251067322499083, 0.0, -0.42046693166334564, -0.6672743238341128, 0.6147784447500894, 0.0, -0.5339933908566262, -0.3658061883304056, -0.7622577589638704, 0.0, -0.045751700707109766, -0.11965059562757809, -0.0047102665436256075, 1.0], "matrixWorld": [0.5514671680309426, -0.1848314122676957, 0.8134625446958581, 0.0, -0.5953190979952865, 0.5958993106429019, 0.5389797613430324, 0.0, -0.5843621600908213, -0.7814994309751241, 0.21858523563943225, 0.0, 2.0396822957500005, 4.251107746220002, -0.1064353622280002, 1.0], "name": "L_thumb0_0_jnt", "parent": ["L_roll_0_jnt"], "children": ["L_thumb1_0_jnt"]}, {"matrix": [0.9749399299025338, 0.21837203560412474, -0.04249455433056633, 0.0, -0.20904935998254806, 0.9646010901985742, 0.160757898339737, 0.0, 0.07609532293465614, -0.1478458347530733, 0.986078653543234, 0.0, 0.13252744162622426, -8.881784197001252e-16, 1.7763568394002505e-15, 1.0], "matrixWorld": [0.43247852844110046, -0.016862308610989314, 0.9014865417662804, 0.0, -0.7834701421960114, 0.4878118070566929, 0.38498594413750364, 0.0, -0.4462475307772382, -0.8727859436565135, 0.1977570171468675, 0.0, 2.11276682867, 4.226612512020001, 0.0013707476792998996, 1.0], "name": "L_thumb1_0_jnt", "parent": ["L_thumb0_0_jnt"], "children": ["L_thumb2_0_jnt"]}, {"matrix": [0.9289676760250885, 0.31055896279215894, -0.20142538948703742, 0.0, -0.3405182988520942, 0.9303425159895221, -0.1360517956116775, 0.0, 0.14514249910836646, 0.19497675136216683, 0.9700091346893769, 0.0, 0.16022444330305652, 2.220446049250313e-16, 8.881784197001252e-16, 1.0], "matrixWorld": [0.24833048145209458, 0.3116310378343514, 0.9171794089708158, 0.0, -0.8154496582386059, 0.5783180833685532, 0.02429093097153496, 0.0, -0.5228516298724831, -0.7539458141718194, 0.397733431373929, 0.0, 2.1820604601299998, 4.22391075801, 0.14581092697900003, 1.0], "name": "L_thumb2_0_jnt", "parent": ["L_thumb1_0_jnt"], "children": ["L_thumb3_0_jnt"]}, {"matrix": [1.0, 0.0, 0.0, 0.0, 0.0, 1.0, 0.0, 0.0, 0.0, 0.0, 1.0, 0.0, 0.09066832802135738, 1.1102230246251563e-16, 0.0, 1.0], "matrixWorld": [0.24833048145209458, 0.3116310378343514, 0.9171794089708158, 0.0, -0.8154496582386059, 0.5783180833685532, 0.02429093097153496, 0.0, -0.5228516298724831, -0.7539458141718194, 0.397733431373929, 0.0, 2.2045761696799997, 4.25216582317, 0.22897005048600066, 1.0], "name": "L_thumb3_0_jnt", "parent": ["L_thumb2_0_jnt"], "children": null}, {"matrix": [0.9649825037573654, 0.2534696697413234, -0.06754179419730202, 0.0, 0.06533176374293814, 0.017136369324823097, 0.9977164454355758, 0.0, 0.2540482790502686, -0.9671915380975931, -2.3324003161961926e-05, 0.0, 0.21300331140175113, -0.0949681642199085, 0.004921125765758205, 1.0], "matrixWorld": [0.9993748178682864, -0.03534756640079549, -0.0007231599204321843, 0.0, 0.03534755714654292, 0.9993750795119625, -2.55779305937594e-05, 0.0, 0.0007236121205818717, 3.115270841720077e-12, 0.9999997381927149, 0.0, 2.2958049327099994, 4.269003973510001, -0.06475728267880015, 1.0], "name": "L_index0_0_jnt", "parent": ["L_roll_0_jnt"], "children": ["L_index1_0_jnt"]}, {"matrix": [0.9991629223374772, 0.032688902908252354, -0.024594516719938682, 0.0, -0.03270039621730464, 0.9994651969133062, -6.516346783135441e-05, 0.0, 0.02457923337420801, 0.0008693593624631387, 0.9996975069995099, 0.0, 0.08752457113796153, -1.7763568394002505e-15, -1.3877787807814457e-17, 1.0], "matrixWorld": [0.9996759395049699, -0.0026495027995199474, -0.025317900974821162, 0.0, 0.002648653496909095, 0.9999964900612979, -6.70800862820035e-05, 0.0, 0.02531798983941711, 1.3249304372840509e-12, 0.999679448318555, 0.0, 2.3832747850499993, 4.265910192919999, -0.06482057694070016, 1.0], "name": "L_index1_0_jnt", "parent": ["L_index0_0_jnt"], "children": ["L_index2_0_jnt"]}, {"matrix": [0.993649645509542, 0.0957715464407029, 0.059060925078412235, 0.0, -0.09561218379830236, 0.9954033284008236, -0.005524863607540771, 0.0, -0.05931856613305135, -0.00015716525877346087, 0.9982390911054326, 0.0, 0.06239097767111179, 4.440892098500626e-15, -5.464378949326942e-16, 1.0], "matrixWorld": [0.995076612455958, 0.0931385327710042, 0.03387844530729532, 0.0, -0.09308459960076586, 0.9956531593447915, -0.003169164542984321, 0.0, -0.03402635243954172, 1.2225895713203362e-12, 0.9994209360122788, 0.0, 2.445645544270002, 4.265744887849999, -0.0664001855351002, 1.0], "name": "L_index2_0_jnt", "parent": ["L_index1_0_jnt"], "children": ["L_index3_0_jnt"]}, {"matrix": [0.9873768093667369, -0.12924374952330625, -0.09155921326616681, 0.0, 0.1343527307630128, 0.9895681502890955, 0.052002112168059396, 0.0, 0.08388313335399397, -0.06364690992165223, 0.9944408935658977, 0.0, 0.0625385583893956, -1.7763568394002505e-15, 7.743805596760467e-15, 1.0], "matrixWorld": [0.9976615994171851, -0.036719120222025295, -0.057645808680805925, 0.0, 0.039808262958304225, 0.9977800714394278, 0.053387556963895154, 0.0, 0.055557494981200696, -0.05555749497998513, 0.9969085863322484, 0.0, 2.5078762011000006, 4.271569637419999, -0.06428147640510022, 1.0], "name": "L_index3_0_jnt", "parent": ["L_index2_0_jnt"], "children": ["L_index4_0_jnt"]}, {"matrix": [1.0, 0.0, 0.0, 0.0, 0.0, 1.0, 0.0, 0.0, 0.0, 0.0, 1.0, 0.0, 0.1120972957717652, 8.881784197001252e-15, -5.2735593669694936e-15, 1.0], "matrixWorld": [0.9976615994171851, -0.036719120222025295, -0.057645808680805925, 0.0, 0.039808262958304225, 0.9977800714394278, 0.053387556963895154, 0.0, 0.055557494981200696, -0.05555749497998513, 0.9969085863322484, 0.0, 2.6197113684900013, 4.26745352334, -0.07074341567079989, 1.0], "name": "L_index4_0_jnt", "parent": ["L_index3_0_jnt"], "children": null}, {"matrix": [0.9980817676893765, -0.061177724848244894, 0.009490573662426616, 0.0, -0.06117449871884634, -0.9981268875478022, -0.0006301274748603538, 0.0, 0.009511346515997353, 4.833765762503122e-05, -0.999954764952357, 0.0, 0.0020476081517659672, 0.003864182252041687, -0.2850824261434422, 1.0], "matrixWorld": [0.002255466956801057, 0.9978005577392082, -0.06624922523419932, 0.0, -0.00014975192740450855, -0.06624905598189254, -0.9978031069083058, 0.0, -0.99999744521832, 0.002260432886192815, 3.0751712576365265e-16, 0.0, -0.285089921065, 2.464988087650001, -0.112157927957, 1.0], "name": "R_hip_0_jnt", "parent": ["C_spine0_0_jnt"], "children": ["R_knee_0_jnt"]}, {"matrix": [0.9911739781103062, -0.1316457200845762, 0.015606072548967497, 0.0, 0.13164578838754853, 0.9912962881104446, 0.0010274133906950623, 0.0, -0.015605496365416369, 0.0010361283067230817, 0.9998776899807901, 0.0, -1.0349558334080513, -1.5959455978986623e-15, 1.6653345369377348e-16, 1.0], "matrixWorld": [-0.013350758322473183, 0.9977506293343268, 0.06569200038946425, 0.0, -0.000878936569941488, 0.06568612019045861, -0.9978399476292931, 0.0, -0.9999104883551931, -0.013379659086803077, 3.224415033183931e-16, 0.0, -0.2874242297490005, 1.4323085798400004, -0.04359290584209995, 1.0], "name": "R_knee_0_jnt", "parent": ["R_hip_0_jnt"], "children": ["R_ankle_0_jnt"]}, {"matrix": [0.9998200323790607, -0.013590319635502241, -0.013236542816724064, 0.0, 0.013577575563133971, 0.9999072668720412, -0.0010521873939118816, 0.0, 0.013249614913705018, 0.0008722778739610877, 0.9999118395318405, 0.0, -1.114930032921331, 6.494804694057166e-15, 2.220446049250313e-16, 1.0], "matrixWorld": [-0.00010105259733033008, 0.9968554715886461, 0.07924114178979433, 0.0, -8.03278246499172e-06, 0.07924114138264714, -0.9968554767105657, 0.0, -0.9999999948619235, -0.0001013713619390233, 1.6097537324141487e-16, 0.0, -0.27253906833300096, 0.31988643782900117, -0.1168348899989999, 1.0], "name": "R_ankle_0_jnt", "parent": ["R_knee_0_jnt"], "children": ["R_ball_0_jnt", "R_heel_0_jnt"]}, {"matrix": [-0.07785236980148058, 0.9969648983370848, 