{"joints": [{"matrix": [1.0, 0.0, 0.0, 0.0, 0.0, 1.0, 0.0, 0.0, 0.0, 0.0, 1.0, 0.0, 0.0, 0.0, 0.0, 1.0], "matrixWorld": [1.0, 0.0, 0.0, 0.0, 0.0, 1.0, 0.0, 0.0, 0.0, 0.0, 1.0, 0.0, 0.0, 0.0, 0.0, 1.0], "name": "C_root_0_jnt", "parent": null, "children": ["C_spine0_0_jnt"]}, {"matrix": [-0.0072510207702838336, 0.99996079702054064, -0.0050820389445782599, 0.0, -3.6850445815805877e-05, 0.0050819053394226543, 0.99998708635670197, 0.0, 0.99997371032434335, 0.0072511144085887769, -4.4408920985006262e-16, 0.0, -1.38777878078e-17, 2.4649880876500001, -0.116011654284, 1.0], "matrixWorld": [-0.0072510207702838336, 0.99996079702054064, -0.0050820389445782599, 0.0, -3.6850445815805877e-05, 0.0050819053394226543, 0.99998708635670197, 0.0, 0.99997371032434335, 0.0072511144085887769, -4.4408920985006262e-16, 0.0, -1.38777878078e-17, 2.4649880876500001, -0.116011654284, 1.0], "name": "C_spine0_0_jnt", "parent": ["C_root_0_jnt"], "children": ["C_spine1_0_jnt", "R_hip_0_jnt", "L_hip_0_jnt"]}, {"matrix": [0.99987315909072927, 0.0099255861728908858, -0.012455860831341122, 0.0, -0.0099256046350177443, 0.99995073815263136, 6.0337690762128732e-05, 0.0, 0.012455846119575136, 6.3301912526126245e-05, 0.99992242093590111, 0.0, 0.36705993585312718, -1.3877787807814457e-17, 7.9797279894933114e-17, 1.0], "matrixWorld": [-0.019706000177291485, 0.99979408310123485, 0.0048440636632739505, 0.0, 9.5458239375179245e-05, -0.0048431230108667671, 0.99998826745478686, 0.0, 0.99980581336814467, 0.019706231381542108, 8.9113573125016497e-18, 0.0, -0.0026615592188100109, 2.8320336336600018, -0.11787706717300001, 1.0], "name": "C_spine1_0_jnt", "parent": ["C_spine0_0_jnt"], "children": ["C_spine2_0_jnt"]}, {"matrix": [0.99924751766909103, -0.0010495318609323808, 0.038772373090029816, 0.0, 0.0010560247921662259, 0.99999943160362592, -0.00014698320821399891, 0.0, -0.038772196788393498, 0.00018781719318106767, 0.99924805803209049, 0.0, 0.30417077900350531, -6.3837823915946501e-16, -6.9388939039072284e-18, 1.0], "matrixWorld": [0.019073572066681629, 0.99981089608638374, 0.0037908990437051696, 0.0, -7.2306505664446291e-05, -0.003790209404347471, 0.99999281451640476, 0.0, 0.99981808026279795, -0.019073709120505659, -5.9814013988568663e-16, 0.0, -0.0086555486437799832, 3.1361417787599999, -0.11640364455500003, 1.0], "name": "C_spine2_0_jnt", "parent": ["C_spine1_0_jnt"], "children": ["C_spine3_0_jnt"]}, {"matrix": [0.99984687423382135, -0.0097663281073616694, -0.014520568864765994, 0.0, 0.0097660977298690832, 0.99995230676524161, -8.6775588658408146e-05, 0.0, 0.01452072381073685, -5.5046993546689651e-05, 0.99989456721688452, 0.0, 0.3142562601286687, -1.6653345369377348e-16, -2.7755575615628914e-17, 1.0], "matrixWorld": [0.0045534302937096788, 0.99997177681231597, -0.005975939372186663, 0.0, 2.7211509261492888e-05, 0.0059758774179038713, 0.99998214391489026, 0.0, 0.9999896327123069, -0.0045535116016004306, 1.0580470800160727e-17, 0.0, -0.0026615592188099996, 3.4503386117999999, -0.11521233079900006, 1.0], "name": "C_spine3_0_jnt", "parent": ["C_spine2_0_jnt"], "children": ["C_spine4_0_jnt"]}, {"matrix": [0.99937460492296393, -0.035067071271271094, -0.0045496755406807358, 0.0, 0.035066583917316554, 0.99938496074935479, -0.00018686995595595243, 0.0, 0.0045534302937094828, 2.721150926160803e-05, 0.99998963271230668, 0.0, 0.34513985024677085, 2.9143354396410359e-16, -6.9388939039072284e-17, 1.0], "matrixWorld": [1.9949319973733282e-16, 0.99915755986695853, -0.041038647159784558, 0.0, -1.0825758692267762e-16, 0.041038647159784468, 0.99915755986695864, 0.0, 1.0000000000000002, -2.4112656316077619e-16, -9.2706836478813367e-17, 0.0, -0.0010899889691300007, 3.7954687210999998, -0.11727486561900005, 1.0], "name": "C_spine4_0_jnt", "parent": ["C_spine3_0_jnt"], "children": ["C_spine5_0_jnt"]}, {"matrix": [1.0, 0.0, 0.0, 0.0, 0.0, 1.0, 0.0, 0.0, 0.0, 0.0, 1.0, 0.0, 0.56398896332729986, 1.6306400674181989e-15, -1.1405806854547509e-16, 1.0], "matrixWorld": [1.9949319973733282e-16, 0.99915755986695853, -0.041038647159784558, 0.0, -1.0825758692267762e-16, 0.041038647159784468, 0.99915755986695864, 0.0, 1.0000000000000002, -2.4112656316077619e-16, -9.2706836478813367e-17, 0.0, -0.0010899889691300022, 4.3589825574900001, -0.14042020968700014, 1.0], "name": "C_spine5_0_jnt", "parent": ["C_spine4_0_jnt"], "children": ["R_collar_0_jnt", "C_neck0_0_jnt", "L_collar_0_jnt"]}, {"matrix": [0.026435313254964621, 0.15790764100119731, 0.98709997017857765, 0.0, -0.99882851263327344, -0.03586394158820605, 0.032486613313186419, 0.0, 0.04053118014460777, -0.98680238883334415, 0.15677457966421282, 0.0, -0.11013782189266408, 0.0018191192084277483, -0.064426468829169969, 1.0], "matrixWorld": [0.98709997017857787, 0.032893359049030929, 0.15668974377387507, 0.0, 0.032486613313186231, -0.99945886705280262, 0.0051568425386062282, 0.0, 0.15677457966421296, 5.0338567226781073e-14, -0.98763441169853405, 0.0, -0.06551645779830001, 4.2490121743100007, -0.13408271576600012, 1.0], "name": "R_collar_0_jnt", "parent": ["C_spine5_0_jnt"], "children": ["R_shoulder_0_jnt"]}, {"matrix": [0.99281835094165927, 0.038635808418418904, 0.11322100662571254, 0.0, -0.038809032021345627, 0.99924641806048708, -0.00067455678215587195, 0.0, -0.11316174736654865, -0.0037242853195497581, 0.99356959928925359, 0.0, -0.42346423784926113, 0.0, -3.1918911957973251e-16, 1.0], "matrixWorld": [0.99901628689829336, -0.0059577708215456009, 0.043942729532713887, 0.0, -0.0059520157187943953, -0.99998225232592908, -0.00026180535763076522, 0.0, 0.043943509427793112, -6.3501355280712532e-13, -0.99903401742842046, 0.0, -0.4835179943509999, 4.2350830130900006, -0.20043521869199982, 1.0], "name": "R_shoulder_0_jnt", "parent": ["R_collar_0_jnt"], "children": ["R_elbow_0_jnt"]}, {"matrix": [0.99574459560625672, 0.014198261621048801, 0.091055530792327768, 0.0, -0.014089848933291906, 0.99989905238200005, -0.0018333582888573482, 0.0, -0.091072369454018878, 0.00054259793453503109, 0.99584412892254992, 0.0, -0.70439221744203773, 0.0, -4.5519144009631418e-15, 1.0], "matrixWorld": [0.99868185990108271, -0.02013042773240168, -0.047215554469110584, 0.0, -0.020107967638531368, -0.99979736240865869, 0.00095066194686687483, 0.0, -0.047225124054498337, 6.6062558053987903e-14, -0.9988842714038686, 0.0, -1.1872172919399999, 4.2392796204900005, -0.23138813538799932, 1.0], "name": "R_elbow_0_jnt", "parent": ["R_shoulder_0_jnt"], "children": ["R_wrist_0_jnt"]}, {"matrix": [1.0, 0.0, 0.0, 0.0, 0.0, 1.0, 0.0, 0.0, 0.0, 0.0, 1.0, 0.0, -0.72092380862040706, 0.0, -4.9404924595819466e-15, 1.0], "matrixWorld": [0.99868185990108271, -0.02013042773240168, -0.047215554469110584, 0.0, -0.020107967638531368, -0.99979736240865869, 0.00095066194686687483, 0.0, -0.047225124054498337, 6.6062558053987903e-14, -0.9988842714038686, 0.0, -1.90719082198, 4.2537921251200013, -0.19734931803399891, 1.0], "name": "R_wrist_0_jnt", "parent": ["R_elbow_0_jnt"], "children": ["R_roll_0_jnt"]}, {"matrix": [0.99333044577941088, -0.020303025978426835, 0.11350071640212744, 0.0, 0.11347671747724872, -0.0023339717617487654, -0.99353791430745308, 0.0, 0.020436733551757062, 0.99979114804639801, -1.4484467647291055e-05, 0.0, -0.20606448401553368, -0.00027900293279081723, 0.022996749452696141, 1.0], "matrixWorld": [0.98706926426432728, 0.00030274506899634758, -0.1602940294898838, 0.0, 0.16029402195031994, 4.9163950781152441e-05, 0.98706931069195769, 0.0, 0.00030671105434601156, -0.99999995296416355, -9.0915163310049951e-15, 0.0, -2.1140640983000001, 4.2582192377200005, -0.21059122572399927, 1.0], "name": "R_roll_0_jnt", "parent": ["R_wrist_0_jnt"], "children": ["R_thumb0_0_jnt", "R_index0_0_jnt", "R_tip_0_jnt", "R_middle0_0_jnt", "R_pink0_0_jnt"]}, {"matrix": [0.63328573895908069, -0.7199772904162961, -0.28386946668470631, 0.0, -0.65147939930227394, -0.69393590840627462, 0.30663911575190039, 0.0, -0.41776041592735857, -0.0092550693766920173, -0.908510087216996, 0.0, 0.037719834192476931, 0.14719529886898167, -0.0013483453671847556, 1.0], "matrixWorld": [0.50960176692628534, 0.28402578053933447, -0.81217941068130395, 0.0, -0.75419501948035617, -0.30687045013541075, -0.58053458073117126, 0.0, -0.41412064876873073, 0.90838311456274501, 0.057829105480316764, 0.0, -2.0532378964000002, 4.259586239219999, -0.071345527746699278, 1.0], "name": "R_thumb0_0_jnt", "parent": ["R_roll_0_jnt"], "children": ["R_thumb1_0_jnt"]}, {"matrix": [0.97128299309826205, 0.09986222403406704, -0.21595574437613668, 0.0, -0.14315957599048071, 0.97025714444250899, -0.19520863059940233, 0.0, 0.19003863586204583, 0.22051895580479683, 0.95669049697927633, 0.0, -0.10397862470061724, -3.8857805861880479e-16, 8.8817841970012523e-16, 1.0], "matrixWorld": [0.50908367043398028, 0.049054092914346453, -0.85931805082042678, 0.0, -0.72387755408185961, -0.51572848082796097, -0.45828530497862247, 0.0, -0.46565556282936438, 0.85534661397075462, -0.2270397911706975, 0.0, -2.10622558727, 4.2300536291800004, 0.013103770386100777, 1.0], "name": "R_thumb1_0_jnt", "parent": ["R_thumb0_0_jnt"], "children": ["R_thumb2_0_jnt"]}, {"matrix": [0.93291853755710041, 0.33419879319267143, -0.13406777730268793, 0.0, -0.3457052382903798, 0.93543732656281797, -0.073789540529803535, 0.0, 0.10075162778294358, 0.11518756313756201, 0.9882210961103377, 0.0, -0.12522647561186639, 2.2204460492503131e-16, 0.0, 1.0], "matrixWorld": [0.29544399461921456, -0.24126678264339144, -0.92439341496807981, 0.0, -0.8187744655199608, -0.56250556185670919, -0.11487326709365961, 0.0, -0.49226133369983971, 0.79080834117577148, -0.36373197119703504, 0.0, -2.1699763411100004, 4.2239107580099997, 0.12071314132000142, 1.0], "name": "R_thumb2_0_jnt", "parent": ["R_thumb1_0_jnt"], "children": ["R_thumb3_0_jnt"]}, {"matrix": [1.0, 0.0, 0.0, 0.0, 0.0, 1.0, 0.0, 0.0, 0.0, 0.0, 1.0, 0.0, -0.11711129418824108, -3.3306690738754696e-16, 8.8817841970012523e-16, 1.0], "matrixWorld": [0.29544399461921456, -0.24126678264339144, -0.92439341496807981, 0.0, -0.8187744655199608, -0.56250556185670919, -0.11487326709365961, 0.0, -0.49226133369983971, 0.79080834117577148, -0.36373197119703504, 0.0, -2.2045761696800006, 4.2521658231700012, 0.22897005048600078, 1.0], "name": "R_thumb3_0_jnt", "parent": ["R_thumb2_0_jnt"], "children": null}, {"matrix": [0.98634694928136224, 0.16090935578217172, -0.035041045434122751, 0.0, 0.034587950893796633, 0.0056168639488284322, 0.99938587367060006, 0.0, 0.16100735789496731, -0.98695320560862809, -2.534827569089515e-05, 0.0, -0.20276383704939649, 0.11481677055714952, -0.010840477205669607, 1.0], "matrixWorld": [0.99937481786828675, 0.035347566400800293, 0.00072315992043193934, 0.0, 0.035347575649268007, -0.99937507918484703, -7.9943533879269073e-09, 0.0, 0.00072270772016418778, 2.5569939349606094e-05, -0.99999973851983071, 0.0, -2.2958049327100007, 4.2690039735099985, -0.064757282678798961, 1.0], "name": "R_index0_0_jnt", "parent": ["R_roll_0_jnt"], "children": ["R_index1_0_jnt"]}, {"matrix": [0.99916292233747406, 0.032688273624012922, -0.024595353087939833, 0.0, -0.032700396217311876, 0.99946519491889318, -9.0735712898614115e-05, 0.0, 0.024579233374326086, 0.00089493755114047088, 0.99969748442891959, 0.0, -0.087524571137961082, 8.8817841970012523e-16, 6.9388939039072284e-17, 1.0], "matrixWorld": [0.99967593950497025, 0.002649502799440929, 0.025317900974837246, 0.0, 0.0026486534969088977, -0.99999649006129798, 6.7080083168453286e-05, 0.0, 0.025317989839425053, 1.7880580845705367e-12, -0.99967944831855537, 0.0, -2.3832747850500007, 4.2659101929199972, -0.064820576940698996, 1.0], "name": "R_index1_0_jnt", "parent": ["R_index0_0_jnt"], "children": ["R_index2_0_jnt"]}, {"matrix": [0.99364964550954515, 0.095771546440764924, 0.05906092507825865, 0.0, -0.095612183798258546, 0.9954033284008178, -0.005524863609323161, 0.0, -0.059318566133069184, -0.00015716525698509888, 0.99823909110543185, 0.0, -0.062390977671109127, -2.6645352591003757e-15, -3.799044412389207e-16, 1.0], "matrixWorld": [0.99507661245595824, -0.093138532770960888, -0.033878445307423927, 0.0, -0.093084599600767481, -0.99565315934479537, 0.0031691645416664742, 0.0, -0.034026352439546929, 1.0120156234176021e-13, -0.9994209360122791, 0.0, -2.4456455442700005, 4.2657448878500004, -0.066400185535099035, 1.0], "name": "R_index2_0_jnt", "parent": ["R_index1_0_jnt"], "children": ["R_index3_0_jnt"]}, {"matrix": [0.987376809366737, -0.12924374952331469, -0.091559213266153336, 0.0, 0.12948145950518769, 0.99157613601613392, -0.0033642425180021307, 0.0, 0.091222738224461822, -0.0085334455214874146, 0.99579395074400967, 0.0, -0.062538558389396037, -8.8817841970012523e-16, 3.0531133177191805e-16, 1.0], "matrixWorld": [0.99766159941718646, 0.03671912022195576, 0.057645808680835797, 0.0, 0.036657977407147185, -0.99932562571472439, 0.0021181317927670539, 0.0, 0.05768470976575224, 9.0591342058307758e-14, -0.99833485076863926, 0.0, -2.5078762010999998, 4.2715696374200007, -0.064281476405099056, 1.0], "name": "R_index3_0_jnt", "parent": ["R_index2_0_jnt"], "children": ["R_index4_0_jnt"]}, {"matrix": [1.0, 0.0, 0.0, 0.0, 0.0, 1.0, 0.0, 0.0, 0.0, 0.0, 1.0, 0.0, -0.11209729577176476, 0.0, 1.8179902028236934e-15, 1.0], "matrixWorld": [0.99766159941718646, 0.03671912022195576, 0.057645808680835797, 0.0, 0.036657977407147185, -0.99932562571472439, 0.0021181317927670539, 0.0, 0.05768470976575224, 9.0591342058307758e-14, -0.99833485076863926, 0.0, -2.61971136849, 4.2674535233400013, -0.070743415670799087, 1.0], "name": "R_index4_0_jnt", "parent": ["R_index3_0_jnt"], "children": null}, {"matrix": [1.0, 0.0, 0.0, 0.0, 0.0, 1.0, 0.0, 0.0, 0.0, 0.0, 1.0, 0.0, -0.52288702304935564, -0.076503665184983971, 0.023061187504404224, 1.0], "matrixWorld": [0.98706926426432728, 0.00030274506899634758, -0.1602940294898838, 0.0, 0.16029402195031994, 4.9163950781152441e-05, 0.98706931069195769, 0.0, 0.00030671105434601156, -0.99999995296416355, -9.0915163310049951e-15, 0.0, -2.6424458144999998, 4.2349959886099988, -0.20228997789099898, 1.0], "name": "R_tip_0_jnt", "parent": ["R_roll_0_jnt"], "children": null}, {"matrix": [0.99322771427802636, 0.1084979270061919, 0.041556075673795947, 0.0, -0.041308592334549706, -0.0045285627588798061, 0.99913617306084823, 0.0, 0.10859239287070335, -0.99408636041075338, -1.5997402124323656e-05, 0.0, -0.16988495045657581, -0.023934393504557505, -0.0085132094908164646, 1.0], "matrixWorld": [0.99778886398023003, -0.04125004473953979, -0.052113498501144051, 0.0, -0.041193897272659555, -0.99914885468031567, 0.0021515153970180544, 0.0, -0.052157892447187104, -5.1457210888117277e-14, -0.99863885076411285, 0.0, -2.2855914626499998, 4.2666798382699991, -0.20698458776399903, 1.0], "name": "R_middle0_0_jnt", "parent": ["R_roll_0_jnt"], "children": ["R_middle1_0_jnt"]}, {"matrix": [0.9884962128775957, -0.13965840921162537, -0.058058297108417242, 0.0, 0.1395602375054798, 0.99019681713151309, -0.0057622434897212126, 0.0, 0.058293886764094999, -0.0024066738663464228, 0.99829656449716175, 0.0, -0.098648852521118879, -2.6645352591003757e-15, -9.4368957093138306e-16, 1.0], "matrixWorld": [0.99509178587447022, 0.098764026604206842, 0.0061647979757461988, 0.0, 0.098762131348965165, -0.99511088178600671, 0.00061185168647377546, 0.0, 0.0061950864859182386, 3.7120422384839485e-14, -0.99998081026759322, 0.0, -2.38402218914, 4.2707491078500022, -0.20184365093599918, 1.0], "name": "R_middle1_0_jnt", "parent": ["R_middle0_0_jnt"], "children": ["R_middle2_0_jnt"]}, {"matrix": [0.99186016449556003, 0.12691216187392262, -0.010330404412604344, 0.0, -0.12691592845261573, 0.9919134344168461, 0.000292794104694921, 0.0, 0.010284026052632088, 0.0010206820584706445, 0.99994659708220635, 0.0, -0.067013103531348372, 1.7763568394002505e-15, 1.4155343563970746e-15, 1.0], "matrixWorld": [0.99946202027763542, -0.028331569637835476, 0.016522475129490125, 0.0, -0.028327699118349023, -0.9995985805121258, -0.00046829563718509465, 0.0, 0.016529110236441359, -5.3024932730524897e-13, -0.9998633849255566, 0.0, -2.45070637801, 4.2641306239099999, -0.20225677318099913, 1.0], "name": "R_middle2_0_jnt", "parent": ["R_middle1_0_jnt"], "children": ["R_middle3_0_jnt"]}, {"matrix": [0.99736694172663942, 0.070057675763183655, 0.018737812506025207, 0.0, -0.070035260100862848, 0.99754279983011962, -0.0018506349424979953, 0.0, -0.018821421132709758, 0.00053345454027100485, 0.99982271905213205, 0.0, -0.071297163758364146, 0.0, -7.7715611723760958e-16, 1.0], "matrixWorld": [0.99515552514478522, -0.098286524210870363, -0.0022890898526319904, 0.0, -0.098286264191313116, -0.99515815786162676, 0.00022608133359783072, 0.0, -0.0023002271893931593, 1.7515943348063941e-12, -0.99999735447393934, 0.0, -2.52196518534, 4.2661505844700001, -0.20343477879599911, 1.0], "name": "R_middle3_0_jnt", "parent": ["R_middle2_0_jnt"], "children": ["R_middle4_0_jnt"]}, {"matrix": [1.0, 0.0, 0.0, 0.0, 0.0, 1.0, 0.0, 0.0, 0.0, 0.0, 1.0, 0.0, -0.1209412586866656, -8.8817841970012523e-16, 2.4175106361212784e-14, 1.0], "matrixWorld": [0.99515552514478522, -0.098286524210870363, -0.0022890898526319904, 0.0, -0.098286264191313116, -0.99515815786162676, 0.00022608133359783072, 0.0, -0.0023002271893931593, 1.7515943348063941e-12, -0.99999735447393934, 0.0, -2.6423205471400002, 4.278037480420001, -0.20315793338799909, 1.0], "name": "R_middle4_0_jnt", "parent": ["R_middle3_0_jnt"], "children": null}, {"matrix": [0.9869918640775347, 0.15917317029571162, 0.022604470857900499, 0.0, -0.022312192335729352, -0.0036233668836516131, 0.99974448599909749, 0.0, 0.15921440361326203, -0.98724402913891496, -2.4731244406384079e-05, 0.0, -0.1448828322639768, -0.16157401073658861, -0.0023591554407254023, 1.0], "matrixWorld": [0.99975077380426169, -0.022297837292781217, -0.0010939514822782938, 0.0, -0.022297850638357253, -0.99975137202051856, -3.0359917940120728e-09, 0.0, -0.0010936794276353871, 2.4395801992666409e-05, -0.99999940163489831, 0.0, -2.2829735605500003, 4.2605265868699993, -0.34685212013999894, 1.0], "name": "R_pink0_0_jnt", "parent": ["R_roll_0_jnt"], "children": ["R_pink1_0_jnt"]}, {"matrix": [0.99791840451784974, -0.064460432720873262, 0.0019262756778267427, 0.0, 0.064460442772595744, 0.99792026138189083, 5.6930304424672494e-05, 0.0, -0.0019259392799685874, 6.7356784534609149e-05, 0.99999814310875268, 0.0, -0.098156039586334565, -8.8817841970012523e-16, 3.8857805861880479e-16, 1.0], "matrixWorld": [0.99910491948304769, 0.042193030831358558, -0.0030179486473243477, 0.0, 0.04219283834088134, -0.9991094775595234, -0.00012744989695668597, 0.0, -0.0030206385937612814, -3.605349593632963e-13, -0.99999543786083644, 0.0, -2.38110513708, 4.2627152542699998, -0.34674474219499929, 1.0], "name": "R_pink1_0_jnt", "parent": ["R_pink0_0_jnt"], "children": ["R_pink2_0_jnt"]}, {"matrix": [0.99976694311509584, 0.01870592304534411, -0.01077719338781331, 0.0, -0.018709738071866815, 0.99982492545261048, -0.00025326856100154802, 0.0, 0.01077056895334691, 0.00045484800045551875, 0.99994189229060593, 0.0, -0.058782192725452376, 8.8817841970012523e-16, 2.2426505097428162e-14, 1.0], "matrixWorld": [0.99969388119616931, 0.023493932453929816, 0.0077575148591788722, 0.0, 0.023493225131754277, -0.99972397947525993, 0.00018230485053724883, 0.0, 0.0077596566837014793, -5.4478181234187871e-13, -0.99996989341087228, 0.0, -2.4398347150100004, 4.260235055399999, -0.34656734055599919, 1.0], "name": "R_pink2_0_jnt", "parent": ["R_pink1_0_jnt"], "children": ["R_pink3_0_jnt"]}, {"matrix": [0.97542910584149067, 0.22013297175945643, -0.0089181960967612533, 0.0, -0.22012576946642617, 0.9754698504150876, 0.0017934737188916874, 0.0, 0.0090942341119922294, 0.00021371831208331736, 0.99995862375920308, 0.0, -0.063234104078301989, -1.7763568394002505e-15, 5.6621374255882984e-15, 1.0], "matrixWorld": [0.98023293997490712, -0.19715554501483679, 0.016524964691451462, 0.0, -0.19712753528381466, -0.9803722206743225, -0.0033232157657557904, 0.0, 0.016855806746622695, -4.0059012953117431e-14, -0.99985793079763119, 0.0, -2.5030494619400008, 4.2587494376300006, -0.34705788005799915, 1.0], "name": "R_pink3_0_jnt", "parent": ["R_pink2_0_jnt"], "children": ["R_pink4_0_jnt"]}, {"matrix": [1.0, 0.0, 0.0, 0.0, 0.0, 1.0, 0.0, 0.0, 0.0, 0.0, 1.0, 0.0, -0.11267190500946268, 1.7763568394002505e-15, 0.0, 1.0], "matrixWorld": [0.98023293997490712, -0.19715554501483679, 0.016524964691451462, 0.0, -0.19712753528381466, -0.9803722206743225, -0.0033232157657557904, 0.0, 0.016855806746622695, -4.0059012953117431e-14, -0.99985793079763119, 0.0, -2.61349417464, 4.2809633284699995, -0.34891977930999912, 1.0], "name": "R_pink4_0_jnt", "parent": ["R_pink3_0_jnt"], "children": null}, {"matrix": [0.99113236884434164, 0.062939480527737679, 0.11702670302073162, 0.0, -0.063068967771160278, 0.99800578418679042, -0.0026000065364795342, 0.0, -0.11695696957977464, -0.0048038027236679331, 0.99312536507034588, 0.0, 0.11218438084299542, 0.054706121354006258, 0.001089988969129966, 1.0], "matrixWorld": [0.11702670302073184, 0.99288035029346866, 0.022211726209743942, 0.0, -0.0026000065364796552, -0.022059028700894649, 0.99975328917627648, 0.0, 0.9931253650703461, -0.11705558189976378, -3.6702318176486231e-16, 0.0, -1.951563910473908e-17, 4.4733174949200007, -0.090364070187400114, 1.0], "name": "C_neck0_0_jnt", "parent": ["C_spine5_0_jnt"], "children": ["C_neck1_0_jnt"]}, {"matrix": [0.97008158068912498, -0.077034932813714679, -0.23023324246093366, 0.0, 0.076138150599840831, 0.99701523893532062, -0.012790439944794431, 0.0, 0.2305313619248465, -0.0051217630882247301, 0.97305141627354075, 0.0, 0.19213894808534879, 5.5511151231257827e-17, 1.1102230246251563e-16, 1.0], "matrixWorld": [-0.11492473259230297, 0.99182434161070343, -0.055468740990602172, 0.0, -0.0063845597389906366, 0.055100078257855165, 0.99846042423969794, 0.0, 0.99335368486532905, 0.11510194075024574, -5.9565690476833144e-16, 0.0, 0.022485387616300017, 4.6640884810000003, -0.086096332478300092, 1.0], "name": "C_neck1_0_jnt", "parent": ["C_neck0_0_jnt"], "children": ["C_neck2_0_jnt"]}, {"matrix": [0.99332869690284042, 0.0088328115523649674, 0.11497861257375382, 0.0, -0.0095081937239462084, 0.99994060765478454, 0.005326857900136435, 0.0, -0.1149247325923053, -0.0063845597389909341, 0.99335368486532849, 0.0, 0.1956531645461137, 2.7755575615628914e-17, 1.1102230246251563e-16, 1.0], "matrixWorld": [2.3731017151362721e-15, 0.99892853086845956, -0.046279479437232464, 0.0, 2.7842311789427754e-16, 0.046279479437232388, 0.99892853086845956, 0.0, 1.0000000000000002, -2.3869795029440866e-15, -3.7572490850798558e-16, 0.0, 1.5959455978986625e-16, 4.8581420521099998, -0.096948967186500118, 1.0], "name": "C_neck2_0_jnt", "parent": ["C_neck1_0_jnt"], "children": ["C_neck3_0_jnt"]}, {"matrix": [0.98001127624055628, 0.19894194741520979, 0.0, 0.0, -0.19894194741520979, 0.98001127624055628, 0.0, 0.0, 0.0, 0.0, 1.0, 0.0, 0.21225892328419427, -1.6653345369377348e-16, -1.6863147216686944e-16, 1.0], "matrixWorld": [2.3810564777786532e-15, 0.98816815417410808, 0.15337437555255506, 0.0, -1.9925168152113862e-16, -0.15337437555255515, 0.98816815417410808, 0.0, 1.0000000000000002, -2.3869795029440866e-15, -3.7572490850798558e-16, 0.0, 4.9467510252169651e-16, 5.0701735465100013, -0.10677219966200026, 1.0], "name": "C_neck3_0_jnt", "parent": ["C_neck2_0_jnt"], "children": ["C_head_0_jnt", "C_jaw0_0_jnt"]}, {"matrix": [1.0, 0.0, 0.0, 0.0, 0.0, 1.0, 0.0, 0.0, 0.0, 0.0, 1.0, 0.0, 0.92975437870478228, 3.3306690738754696e-16, -2.0499372701115055e-15, 1.0], "matrixWorld": [2.3810564777786532e-15, 0.98816815417410808, 0.15337437555255506, 0.0, -1.9925168152113862e-16, -0.15337437555255515, 0.98816815417410808, 0.0, 1.0000000000000002, -2.3869795029440866e-15, -3.7572490850798558e-16, 0.0, 6.5853551856827964e-16, 5.9889272147500003, 0.035828297589099847, 1.0], "name": "C_head_0_jnt", "parent": ["C_neck3_0_jnt"], "children": null}, {"matrix": [-0.57567986439616914, 0.81717091877377024, -0.028712074798591579, 0.0, 0.81765228701921411, 0.5750460032438196, -0.027691725940387431, 0.0, -0.006118109271370166, -0.039418062658393274, -0.99920407578992698, 0.0, 0.018411536095020331, 0.13452104221579886, 0.019394678134099484, 1.0], "matrixWorld": [-0.028712074798593119, -0.69420158838219792, 0.71920773872949451, 0.0, -0.027691725940385607, 0.71978062955850153, 0.69364905653133391, 0.0, -0.9992040757899272, -4.0869250989190267e-16, -0.039890035407322139, 0.0, 0.0193946781341, 5.0677351593000006, 0.028981068173500033, 1.0], "name": "C_jaw0_0_jnt", "parent": ["C_neck3_0_jnt"], "children": ["C_jaw1_0_jnt"]}, {"matrix": [1.0, 0.0, 0.0, 0.0, 0.0, 1.0, 0.0, 0.0, 0.0, 0.0, 1.0, 0.0, 0.67548856256985301, -4.4408920985006262e-16, -2.7755575615628914e-17, 1.0], "matrixWorld": [-0.028712074798593119, -0.69420158838219792, 0.71920773872949451, 0.0, -0.027691725940385607, 0.71978062955850153, 0.69364905653133391, 0.0, -0.9992040757899272, -4.0869250989190267e-16, -0.039890035407322139, 0.0, 2.7408630920433552e-16, 4.5988099262300004, 0.51479766979700037, 1.0], "name": "C_jaw1_0_jnt", "parent": ["C_jaw0_0_jnt"], "children": null}, {"matrix": [-0.026435313254964621, -0.1579076410011962, 0.98709997017857798, 0.0, 0.99882851263327366, 0.035863941588205162, 0.03248661331318603, 0.0, -0.040531180144606993, 0.98680238883334459, 0.15677457966421171, 0.0, -0.11013782189266408, 0.0018191192084277483, 0.066606446767430022, 1.0], "matrixWorld": [0.9870999701785782, -0.032893359049031359, -0.15668974377387412, 0.0, 0.032486613313186231, 0.99945886705280274, -0.0051568425386071285, 0.0, 0.15677457966421163, -4.9616199459002552e-14, 0.9876344116985345, 0.0, 0.06551645779830001, 4.2490121743100007, -0.13408271576600012, 1.0], "name": "L_collar_0_jnt", "parent": ["C_spine5_0_jnt"], "children": ["L_shoulder_0_jnt"]}, {"matrix": [0.9928183509416586, 0.038635808418421326, 0.11322100662571734, 0.0, -0.03880903202135378, 0.99924641806048686, -0.00067455678210587603, 0.0, -0.11316174736655148, -0.003724285319600504, 0.99356959928925315, 0.0, 0.42346423784926146, -1.7763568394002505e-15, -4.0245584642661925e-16, 1.0], "matrixWorld": [0.99901628689829369, 0.0059577708215477016, -0.0439427295327081, 0.0, -0.005952015718794626, 0.9999822523259293, 0.00026180535768048521, 0.0, 0.043943509427787228, 5.8515411147598568e-13, 0.99903401742842102, 0.0, 0.48351799435100024, 4.2350830130899988, -0.20043521869200018, 1.0], "name": "L_shoulder_0_jnt", "parent": ["L_collar_0_jnt"], "children": ["L_elbow_0_jnt"]}, {"matrix": [0.99574459560625739, 0.01419826162107846, 0.091055530792315195, 0.0, -0.014089848933263569, 0.99989905238199928, -0.0018333582894929498, 0.0, -0.091072369454015326, 0.00054259793517068679, 0.99584412892254981, 0.0, 0.70439221744203795, -8.8817841970012523e-16, 0.0, 1.0], "matrixWorld": [0.99868185990108238, 0.020130427732428895, 0.047215554469104526, 0.0, -0.020107967638531211, 0.99979736240865824, -0.00095066194745347526, 0.0, -0.047225124054504464, 5.1975952208571813e-13, 0.99888427140386848, 0.0, 1.1872172919400006, 4.2392796204899996, -0.23138813538800015, 1.0], "name": "L_elbow_0_jnt", "parent": ["L_shoulder_0_jnt"], "children": ["L_wrist_0_jnt"]}, {"matrix": [1.0, 0.0, 0.0, 0.0, 0.0, 1.0, 0.0, 0.0, 0.0, 0.0, 1.0, 0.0, 0.72092380862040706, -2.042810365310288e-14, 8.7707618945387367e-15, 1.0], "matrixWorld": [0.99868185990108238, 0.020130427732428895, 0.047215554469104526, 0.0, -0.020107967638531211, 0.99979736240865824, -0.00095066194745347526, 0.0, -0.047225124054504464, 5.1975952208571813e-13, 0.99888427140386848, 0.0, 1.9071908219800007, 4.2537921251199995, -0.19734931803400024, 1.0], "name": "L_wrist_0_jnt", "parent": ["L_elbow_0_jnt"], "children": ["L_roll_0_jnt"]}, {"matrix": [0.99333044577941143, -0.020303025978433475, 0.1135007164021217, 0.0, 0.11347671747724392, -0.0023339717617025801, -0.99353791430745386, 0.0, 0.020436733551758395, 0.99979114804639813, -1.4484467600661688e-05, 0.0, 0.20606448401553432, 0.00027900293280058719, -0.022996749452694257, 1.0], "matrixWorld": [0.98706926426432717, -0.00030274506890944216, 0.16029402948988397, 0.0, 0.1602940219503203, -4.9163951314020319e-05, -0.98706931069195791, 0.0, 0.00030671105434529106, 0.99999995296416377, -5.3086998840390538e-13, 0.0, 2.1140640983000014, 4.2582192377200005, -0.21059122572400013, 1.0], "name": "L_roll_0_jnt", "parent": ["L_wrist_0_jnt"], "children": ["L_pink0_0_jnt", "L_tip_0_jnt", "L_middle0_0_jnt", "L_thumb0_0_jnt", "L_index0_0_jnt"]}, {"matrix": [0.9869918640775367, 0.15917317029570055, 0.022604470857892762, 0.0, -0.022316077459569348, -0.003599276273982488, 0.99974448630493695, 0.0, 0.15921385910644811, -0.98724411726194639, -3.3560118395392635e-07, 0.0, 0.1448828322639768, 0.16157401073658784, 0.0023591554408008975, 1.0], "matrixWorld": [0.99975077380426181, 0.022297837292774444, 0.0010939514822774403, 0.0, -0.022297823943879389, 0.99975137231817079, -2.4398828183665038e-05, 0.0, -0.0010942235367576297, 9.8014308089285292e-12, 0.99999940133724718, 0.0, 2.2829735605500012, 4.260526586870002, -0.34685212014000033, 1.0], "name": "L_pink0_0_jnt", "parent": ["L_roll_0_jnt"], "children": ["L_pink1_0_jnt"]}, {"matrix": [0.99791840451785208, -0.064460479706390267, 0.0019247027216187191, 0.0, 0.064460442772577564, 0.99792025969557974, 8.1281423862365355e-05, 0.0, -0.0019259392793679279, 4.2954960823456831e-05, 0.99999814445466029, 0.0, 0.098156039586335009, -8.8817841970012523e-16, 1.1102230246251563e-16, 1.0], "matrixWorld": [0.9991049194830488, -0.04219303083132827, 0.0030179486473541246, 0.0, 0.042192838340880223, 0.99910947755952517, 0.00012744988716421489, 0.0, -0.0030206385933783113, 1.0145427531804032e-11, 0.99999543786083822, 0.0, 2.3811051370800014, 4.2627152542700006, -0.34674474219500029, 1.0], "name": "L_pink1_0_jnt", "parent": ["L_pink0_0_jnt"], "children": ["L_pink2_0_jnt"]}, {"matrix": [0.99976694311509906, 0.018705923045345695, -0.010777193387510282, 0.0, -0.01870973807187205, 0.99982492545261037, -0.00025326856135337282, 0.0, 0.010770568953037352, 0.00045484800080164932, 0.99994189229060904, 0.0, 0.05878219272545282, -1.7763568394002505e-15, -2.4313884239290928e-14, 1.0], "matrixWorld": [0.99969388119616875, -0.02349393245400351, -0.0077575148590292627, 0.0, 0.023493225131748865, 0.99972397947525882, -0.00018230486068040211, 0.0, 0.0077596566837897524, 1.0688316352511827e-11, 0.99996989341087217, 0.0, 2.4398347150100022, 4.2602350554000008, -0.3465673405560003, 1.0], "name": "L_pink2_0_jnt", "parent": ["L_pink1_0_jnt"], "children": ["L_pink3_0_jnt"]}, {"matrix": [0.97542910584149389, 0.22013297175944144, -0.0089181960967823944, 0.0, -0.21987914655485905, 0.9752486417722388, 0.023307673236730851, 0.0, 0.013828246004845073, -0.020774057517980705, 0.99968856057607713, 0.0, 0.063234104078301545, 2.6645352591003757e-15, -1.498801083243961e-14, 1.0], "matrixWorld": [0.98023293997490724, 0.19715554501465915, -0.016524964693559532, 0.0, -0.19671924197052576, 0.98014527894783665, 0.02483489470101214, 0.0, 0.021093203329331477, -0.021093203318633773, 0.99955497775113278, 0.0, 2.5030494619400017, 4.2587494376299988, -0.34705788005800015, 1.0], "name": "L_pink3_0_jnt", "parent": ["L_pink2_0_jnt"], "children": ["L_pink4_0_jnt"]}, {"matrix": [1.0, 0.0, 0.0, 0.0, 0.0, 1.0, 0.0, 0.0, 0.0, 0.0, 1.0, 0.0, 0.112671905009464, 2.708944180085382e-14, 2.3658852654762086e-13, 1.0], "matrixWorld": [0.98023293997490724, 0.19715554501465915, -0.016524964693559532, 0.0, -0.19671924197052576, 0.98014527894783665, 0.02483489470101214, 0.0, 0.021093203329331477, -0.021093203318633773, 0.99955497775113278, 0.0, 2.6134941746400018, 4.2809633284700013, -0.34891977931000046, 1.0], "name": "L_pink4_0_jnt", "parent": ["L_pink3_0_jnt"], "children": null}, {"matrix": [1.0, 0.0, 0.0, 0.0, 0.0, 1.0, 0.0, 0.0, 0.0, 0.0, 1.0, 0.0, 0.52288702304935386, 0.07650366518499685, -0.023061187504406, 1.0], "matrixWorld": [0.98706926426432717, -0.00030274506890944216, 0.16029402948988397, 0.0, 0.1602940219503203, -4.9163951314020319e-05, -0.98706931069195791, 0.0, 0.00030671105434529106, 0.99999995296416377, -5.3086998840390538e-13, 0.0, 2.6424458145000012, 4.2349959886100015, -0.20228997789100028, 1.0], "name": "L_tip_0_jnt", "parent": ["L_roll_0_jnt"], "children": null}, {"matrix": [0.99322771427803125, 0.10849792700615858, 0.041556075673767567, 0.0, -0.041308592334462949, -0.0045285627594124911, 0.99913617306084923, 0.0, 0.10859239287069219, -0.99408636041075438, -1.5997402664114091e-05, 0.0, 0.16988495045657714, 0.023934393504553397, 0.008513209490818241, 1.0], "matrixWorld": [0.99778886398022948, 0.041250044739539929, 0.052113498501155424, 0.0, -0.04119389727266002, 0.99914885468031567, -0.002151515397017851, 0.0, -0.052157892447198817, 5.0824182509052671e-14, 0.99863885076411241, 0.0, 2.285591462650002, 4.2666798382700035, -0.20698458776400019, 1.0], "name": "L_middle0_0_jnt", "parent": ["L_roll_0_jnt"], "children": ["L_middle1_0_jnt"]}, {"matrix": [0.98849621287759404, -0.13965840921162548, -0.058058297108445081, 0.0, 0.13956023750547697, 0.9901968171315132, -0.0057622434897727573, 0.0, 0.058293886764129763, -0.0024066738662992006, 0.99829656449715987, 0.0, 0.098648852521118435, -1.7763568394002505e-15, 0.0, 1.0], "matrixWorld": [0.99509178587447022, -0.098764026604206842, -0.0061647979757628452, 0.0, 0.098762131348964541, 0.99511088178600671, -0.00061185168652360625, 0.0, 0.0061950864859393537, 1.0871492909871927e-14, 0.99998081026759322, 0.0, 2.3840221891400022, 4.2707491078500022, -0.20184365093600018, 1.0], "name": "L_middle1_0_jnt", "parent": ["L_middle0_0_jnt"], "children": ["L_middle2_0_jnt"]}, {"matrix": [0.99186016449556047, 0.12691216187392129, -0.010330404412570927, 0.0, -0.12691592845261401, 0.99191343441684632, 0.00029279410473152654, 0.0, 0.01028402605260359, 0.0010206820584300778, 0.99994659708220668, 0.0, 0.067013103531346818, 1.7763568394002505e-15, -4.163336342344337e-16, 1.0], "matrixWorld": [0.99946202027763564, 0.028331569637833634, -0.016522475129479547, 0.0, -0.028327699118347694, 0.9995985805121258, 0.00046829563717437351, 0.0, 0.016529110236430111, 5.4068495220283822e-13, 0.99986338492555693, 0.0, 2.4507063780100009, 4.2641306239100034, -0.20225677318100024, 1.0], "name": "L_middle2_0_jnt", "parent": ["L_middle1_0_jnt"], "children": ["L_middle3_0_jnt"]}, {"matrix": [0.9973669417266442, 0.070057675763184946, 0.018737812505762216, 0.0, -0.069986758206555005, 0.99753815086983, -0.0044148878737205197, 0.0, -0.019000979621531543, 0.003091864463518139, 0.99981468440284538, 0.0, 0.071297163758364146, -8.8817841970012523e-16, 8.3266726846886741e-17, 1.0], "matrixWorld": [0.99515552514478578, 0.098286524210870141, 0.0022890898523787659, 0.0, -0.098280041515065544, 0.99515488490231518, -0.0027907874976569563, 0.0, -0.0025522957515311424, 0.0025522957520747232, 0.99999348576517799, 0.0, 2.5219651853400009, 4.2661505844700027, -0.20343477879600017, 1.0], "name": "L_middle3_0_jnt", "parent": ["L_middle2_0_jnt"], "children": ["L_middle4_0_jnt"]}, {"matrix": [1.0, 0.0, 0.0, 0.0, 0.0, 1.0, 0.0, 0.0, 0.0, 0.0, 1.0, 0.0, 0.1209412586866656, 1.7763568394002505e-15, 6.3005156647477634e-15, 1.0], "matrixWorld": [0.99515552514478578, 0.098286524210870141, 0.0022890898523787659, 0.0, -0.098280041515065544, 0.99515488490231518, -0.0027907874976569563, 0.0, -0.0025522957515311424, 0.0025522957520747232, 0.99999348576517799, 0.0, 2.6423205471400006, 4.2780374804200045, -0.20315793338800031, 1.0], "name": "L_middle4_0_jnt", "parent": ["L_middle3_0_jnt"], "children": null}, {"matrix": [0.63328573895905604, -0.71997729041614433, -0.28386946668514595, 0.0, -0.65147939930224674, -0.69393590840643826, 0.3066391157515872, 0.0, -0.41776041592743812, -0.009255069376207431, -0.90851008721696402, 0.0, -0.037719834192476043, -0.14719529886898242, 0.0013483453671128132, 1.0], "matrixWorld": [0.50960176692628512, -0.28402578053933553, 0.81217941068130373, 0.0, -0.75419501948035583, 0.30687045013541075, 0.5805345807311717, 0.0, -0.41412064876873084, -0.90838311456274456, -0.057829105480317347, 0.0, 2.0532378964000024, 4.2595862392200017, -0.071345527746699944, 1.0], "name": "L_thumb0_0_jnt", "parent": ["L_roll_0_jnt"], "children": ["L_thumb1_0_jnt"]}, {"matrix": [0.97128299309826194, 0.09986222403406679, -0.21595574437613718, 0.0, -0.14315957599047216, 0.97025714444251887, -0.19520863059935994, 0.0, 0.19003863586205277, 0.22051895580475392, 0.95669049697928488, 0.0, 0.10397862470061781, -3.3306690738754696e-16, 8.8817841970012523e-16, 1.0], "matrixWorld": [0.50908367043398051, -0.049054092914347175, 0.85931805082042656, 0.0, -0.72387755408187993, 0.515728480827923, 0.45828530497863335, 0.0, -0.46565556282933207, -0.85534661397077727, 0.22703979117067721, 0.0, 2.1062255872700022, 4.2300536291800013, 0.013103770386100028, 1.0], "name": "L_thumb1_0_jnt", "parent": ["L_thumb0_0_jnt"], "children": ["L_thumb2_0_jnt"]}, {"matrix": [0.93291853755710052, 0.33419879319266527, -0.13406777730270222, 0.0, -0.34570523829037964, 0.93543732656281464, -0.073789540529846417, 0.0, 0.10075162778294264, 0.11518756313760695, 0.9882210961103326, 0.0, 0.12522647561186551, 3.3306690738754696e-16, 0.0, 1.0], "matrixWorld": [0.29544399461921483, 0.24126678264339016, 0.92439341496807992, 0.0, -0.81877446551995992, 0.56250556185671052, 0.11487326709366025, 0.0, -0.49226133369984076, -0.79080834117577081, 0.36373197119703482, 0.0, 2.1699763411100017, 4.2239107580100006, 0.12071314132000013, 1.0], "name": "L_thumb2_0_jnt", "parent": ["L_thumb1_0_jnt"], "children": ["L_thumb3_0_jnt"]}, {"matrix": [1.0, 0.0, 0.0, 0.0, 0.0, 1.0, 0.0, 0.0, 0.0, 0.0, 1.0, 0.0, 0.11711129418824152, -6.6613381477509392e-16, -8.8817841970012523e-16, 1.0], "matrixWorld": [0.29544399461921483, 0.24126678264339016, 0.92439341496807992, 0.0, -0.81877446551995992, 0.56250556185671052, 0.11487326709366025, 0.0, -0.49226133369984076, -0.79080834117577081, 0.36373197119703482, 0.0, 2.2045761696800028, 4.2521658231700012, 0.22897005048599978, 1.0], "name": "L_thumb3_0_jnt", "parent": ["L_thumb2_0_jnt"], "children": null}, {"matrix": [0.98634694928135935, 0.16090935578219093, -0.035041045434117839, 0.0, 0.034583831359305504, 0.0056421160637020185, 0.99938587399204082, 0.0, 0.16100824280721385, -0.98695306157288176, 2.2194241799944336e-07, 0.0, 0.20276383704939693, -0.11481677055715515, 0.010840477205595889, 1.0], "matrixWorld": [0.99937481786828686, -0.035347566400795415, -0.00072315992043228098, 0.0, 0.035347557146542447, 0.99937507951196303, -2.5577930591227537e-05, 0.0, 0.00072361212058156339, 3.1122945070156476e-12, 0.99999973819271581, 0.0, 2.2958049327100012, 4.2690039735100029, -0.064757282678799988, 1.0], "name": "L_index0_0_jnt", "parent": ["L_roll_0_jnt"], "children": ["L_index1_0_jnt"]}, {"matrix": [0.99916292233747717, 0.032688902908252299, -0.024594516719938744, 0.0, -0.032700396217304584, 0.99946519691330615, -6.5163467831354574e-05, 0.0, 0.024579233374208073, 0.00086935936246313947, 0.99969750699950988, 0.0, 0.087524571137961527, -2.6645352591003757e-15, -9.7144514654701197e-17, 1.0], "matrixWorld": [0.99967593950497025, -0.0026495027995198329, -0.025317900974821263, 0.0, 0.0026486534969086648, 0.99999649006129843, -6.7080086279470101e-05, 0.0, 0.025317989839416875, 1.3219559786819916e-12, 0.99967944831855593, 0.0, 2.3832747850500011, 4.2659101929199998, -0.064820576940700078, 1.0], "name": "L_index1_0_jnt", "parent": ["L_index0_0_jnt"], "children": ["L_index2_0_jnt"]}, {"matrix": [0.99364964550954193, 0.095771546440702932, 0.059060925078412221, 0.0, -0.095612183798302386, 0.99540332840082357, -0.0055248636075407717, 0.0, -0.059318566133051337, -0.00015716525877346001, 0.99823909110543263, 0.0, 0.062390977671110459, 4.4408920985006262e-15, -5.7419347054832315e-16, 1.0], "matrixWorld": [0.99507661245595824, 0.093138532771004229, 0.033878445307295502, 0.0, -0.093084599600766343, 0.99565315934479204, -0.0031691645429817949, 0.0, -0.034026352439541968, 1.2196143060417742e-12, 0.99942093601227966, 0.0, 2.4456455442700022, 4.2657448878499995, -0.066400185535100117, 1.0], "name": "L_index2_0_jnt", "parent": ["L_index1_0_jnt"], "children": ["L_index3_0_jnt"]}, {"matrix": [0.98737680936673